233
1 131562 GgDR3h1Xyy
1 383187 P/Hg3G9e
1 837058 ^4vL7a1v^g
1 674341 ?wgidh
18 674341 837058
18 131562 383187
20 131562
18 674341 837058
20 383187
2 837058 650547 SHGvGG!dNq 21 186781207 ReinforcedBottle 0.231
18 131562 837058
12 837058 SHGvGG!dNq
4 837058 377270 /MpITw8 3 175873391 CritEquipment 87
18 131562 674341
7 131562 887220 I4Fl2nB12 3 174618433
12 837058 SHGvGG!dNq
4 383187 530534 bE97oUpR5t 5 204064713 RegularEquipment
19 837058
18 674341 383187
19 837058
8 131562 887220
9 383187 530534
7 837058 291408 tx?sdqVmt20 5 145740604
7 131562 513184 3y/yf21 4 124196409
1 979853 iTYF+v
12 837058 SHGvGG!dNq
20 837058
20 674341
4 674341 573832 /MpITw8 0 165922655 EpicEquipment  0.728
18 837058 979853
9 383187 530534
21 674341 573832
11 837058 291408
11 131562 513184
19 674341
20 979853
20 131562
20 131562
1 855269 GpkdO&q
9 674341 573832
9 837058 377270
18 383187 855269
4 979853 19051 /MpITw8 5 199710251 EpicEquipment  0.545
20 383187
1 3917 itH84
19 674341
11 837058 291408
19 979853
2 674341 861762 tU&oyYd 59 165148994 RecoverBottle 0.827
19 674341
2 837058 633786 wfWbABE0f8 37 128354453 ReinforcedBottle 0.891
2 3917 236642 SHGvGG!dNq 17 179090929 RecoverBottle 0.955
19 131562
9 383187 530534
20 383187
20 3917
2 979853 296878 tU&oyYd 86 191283150 ReinforcedBottle 0.860
4 3917 62011 bE97oUpR5t 4 185174976 CritEquipment 75
9 383187 530534
19 855269
12 837058 SHGvGG!dNq
10 837058 650547
20 837058
18 383187 837058
20 837058
7 383187 788441 sX+pF89paO63 1 119987355
7 131562 959303 ue?PrGA64 1 199052074
10 979853 296878
4 131562 339457 bE97oUpR5t 3 118105591 CritEquipment 84
13 131562 ue?PrGA64
1 772019 1wtifY$Rz
9 674341 573832
9 131562 339457
2 3917 882437 tU&oyYd 14 125330973 RegularBottle
18 674341 855269
20 837058
11 837058 291408
18 3917 772019
11 131562 959303
7 131562 785128 bs45%B%Mq77 3 125341789
2 383187 975280 tU&oyYd 21 156935749 ReinforcedBottle 0.465
11 131562 785128
9 383187 530534
19 979853
4 3917 564106 L4aAiy 2 161331120 RegularEquipment
10 383187 975280
12 383187 tU&oyYd
1 21806 v6=kahh52V
10 3917 882437
1 597125 GdrEIcrc
19 597125
1 344975 C$ON$sH
19 383187
7 344975 791817 Gd3FwyiF91 1 176151319
2 3917 92190 SHGvGG!dNq 37 155315048 RegularBottle
9 979853 19051
18 3917 344975
3 979853 296878
20 597125
20 674341
13 837058 tx?sdqVmt20
2 674341 188920 wfWbABE0f8 15 152810922 RecoverBottle 0.917
1 715777 DT/2rCWm
21 383187 855269
19 597125
11 344975 791817
18 674341 855269
7 772019 247160 pwRGDpD105 3 172790881
2 344975 120357 tU&oyYd 69 117540576 RegularBottle
21 674341 573832
19 131562
7 837058 114990 Pu%&%0CUUm109 2 183109627
19 855269
2 855269 78842 SHGvGG!dNq 42 197566005 ReinforcedBottle 0.295
20 131562
2 131562 937046 wfWbABE0f8 94 183920117 ReinforcedBottle 0.613
3 855269 78842
3 837058 650547
2 3917 761307 tU&oyYd 94 117257595 ReinforcedBottle 0.812
2 597125 507686 SHGvGG!dNq 89 211372093 ReinforcedBottle 0.854
4 855269 433025 /MpITw8 3 127716649 RegularEquipment
9 674341 573832
17 837058
19 837058
17 979853
18 3917 855269
20 855269
4 131562 480298 L4aAiy 0 206307761 RegularEquipment
18 344975 21806
21 3917 92190
7 3917 788120 1ni%gp$an128 1 166460952
2 674341 758794 wfWbABE0f8 50 206748716 RegularBottle
17 3917
19 344975
21 674341 855269
18 837058 855269
12 597125 SHGvGG!dNq
6 3917 62011
20 715777
17 837058
18 674341 344975
18 3917 674341
16 837058
19 837058
7 837058 153666 DBQ%bE142 4 119558442
10 131562 937046
4 715777 435158 L4aAiy 3 124420023 RegularEquipment
12 837058 wfWbABE0f8
11 3917 788120
9 131562 480298
19 855269
9 131562 339457
12 131562 wfWbABE0f8
20 715777
17 855269
7 3917 358108 9?v^x153 4 165450821
7 855269 194840 WOf$E154 1 141531918
20 21806
4 131562 243856 L4aAiy 3 209182603 EpicEquipment  0.170
8 837058 153666
18 3917 979853
17 715777
16 131562
20 855269
7 855269 906431 WU^R^9lW3t162 3 198931198
13 344975 Gd3FwyiF91
17 772019
7 674341 839560 K%n!pea165 4 130931074
12 383187 tU&oyYd
15 2043/04
12 344975 tU&oyYd
17 344975
8 837058 114990
6 3917 564106
16 344975
6 3917 62011
2 674341 629917 tU&oyYd 46 171795082 RegularBottle
19 772019
9 3917 564106
2 3917 136370 wfWbABE0f8 32 143549619 RecoverBottle 0.897
19 21806
9 837058 377270
18 979853 855269
6 715777 435158
2 674341 808657 tU&oyYd 57 181039692 ReinforcedBottle 0.243
18 715777 3917
3 3917 236642
10 344975 120357
11 772019 247160
17 772019
18 837058 855269
15 2025/01
17 3917
15 2094/07
9 855269 433025
20 855269
21 131562 513184
19 979853
20 855269
15 2000/07
14 1 3 P/Hg3G9e
2000/01-P/Hg3G9e-tU&oyYd
2000/01-P/Hg3G9e-tU&oyYd
2000/01-P/Hg3G9e-tU&oyYd
12 344975 tU&oyYd
12 344975 tU&oyYd
17 855269
8 3917 788120
18 597125 855269
20 3917
18 715777 3917
19 383187
18 3917 344975
21 979853 855269
4 674341 790932 L4aAiy 1 138591522 EpicEquipment  0.798
19 837058
4 131562 119396 /MpITw8 4 129714905 EpicEquipment  0.818
7 674341 907159 Ghx1a8212 5 144565797
6 855269 433025
18 131562 855269
14 5 10 C$ON$sH v6=kahh52V P/Hg3G9e GpkdO&q 1wtifY$Rz
2000/02-GpkdO&q-SHGvGG!dNq
2000/02-C$ON$sH-tU&oyYd
2000/03-1wtifY$Rz-9^BW+oR
2000/03-1wtifY$Rz@#-wNMCk/
2000/03-1wtifY$Rz@#-qU8d2
2000/03-v6=kahh52V-Og!ia5V
2000/03-v6=kahh52V-Me9&DU6
2000/04-1wtifY$Rz@P/Hg3G9e-!itO1Z
2000/05-1wtifY$Rz-fhbM47T2=
2000/05-C$ON$sH@GpkdO&q-FYuN/9L8=
12 131562 wfWbABE0f8
6 383187 530534
6 131562 119396
21 131562 785128
16 855269
20 3917
11 383187 788441
20 3917
15 2000/05
9 383187 530534
7 383187 195193 N&x0bTGW226 4 150044002
9 3917 62011
16 772019
12 837058 wfWbABE0f8
17 131562
