ln 100
64 19 94 6 27 92 54 9 63 74 22 20 18 76 70 71 52 90 34 26 41 86 45 67 39 55 2 38 40 14 73 89 51 44 48 53 7 10 8 17 81 79 66 12 28 56 23 62 58 83 36 93 21 91 4 15 82 85 43 35 32 88 61 84 42 98 95 46 24 100 16 87 50 31 59 29 99 49 77 57 80 33 72 47 1 5 78 30 25 97 65 11 75 3 13 60 68 37 96 69
name-81 name-91 name-60 name-67 name-35 name-97 name-64 name-50 name-41 name-28 name-82 name-76 name-100 name-70 name-16 name-95 name-55 name-59 name-54 name-2 name-5 name-47 name-87 name-98 name-32 name-10 name-88 name-22 name-93 name-20 name-80 name-40 name-3 name-61 name-99 name-62 name-13 name-79 name-11 name-45 name-4 name-7 name-85 name-44 name-48 name-36 name-46 name-75 name-77 name-39 name-1 name-34 name-30 name-84 name-37 name-63 name-49 name-57 name-14 name-42 name-71 name-96 name-68 name-9 name-92 name-86 name-29 name-94 name-56 name-78 name-89 name-43 name-90 name-74 name-12 name-24 name-38 name-15 name-66 name-26 name-72 name-27 name-18 name-19 name-21 name-73 name-52 name-51 name-53 name-25 name-8 name-69 name-83 name-33 name-6 name-23 name-31 name-17 name-65 name-58
122 175 25 9 126 200 151 175 181 58 159 95 133 65 37 128 118 108 26 85 52 112 83 41 173 146 34 98 145 58 8 184 143 171 165 59 156 54 70 38 153 99 126 182 4 20 111 36 66 17 28 101 122 17 167 39 178 31 152 7 189 115 78 106 69 194 130 46 77 169 168 155 92 191 78 64 185 80 49 151 108 160 66 30 81 89 2 108 7 180 126 93 8 32 155 53 4 125 25 89
26
189 50
95 11 3
72 101 186 94
3 47 138 97 3
133 35 195 45 112 94
22 133 126 73 41 64 118
145 143 97 23 143 37 81 166
139 138 177 168 148 34 53 129 183
15 49 179 129 15 104 0 46 167 70
43 109 37 159 74 52 19 10 48 175 35
54 123 170 33 31 23 75 16 196 200 166 143
124 147 52 166 200 103 4 138 22 123 90 131 98
175 17 88 113 13 64 162 197 92 49 45 97 83 3
128 42 71 59 53 113 37 5 47 49 157 24 165 191 156
167 178 76 111 112 114 200 33 45 3 124 196 192 127 8 115
198 158 48 134 181 95 87 178 178 195 162 123 137 24 118 15 57
161 45 2 103 175 55 146 122 169 145 51 149 104 107 165 156 120 165
126 12 106 102 78 156 88 102 58 47 77 84 106 139 169 156 113 35 43
66 64 124 145 0 26 32 200 164 128 86 198 140 136 41 66 148 167 153 189
170 36 188 33 69 128 155 148 146 151 152 200 111 143 157 48 86 145 173 170 77
44 109 82 170 106 185 9 19 63 16 103 179 96 67 184 143 80 132 38 164 139 199
151 29 81 44 19 85 53 13 138 29 190 26 20 186 82 198 95 63 155 138 108 64 181
3 118 43 194 42 77 196 104 121 149 159 84 158 193 3 181 24 33 23 172 172 196 170 142
173 88 80 175 156 173 70 70 67 109 109 75 86 198 59 107 110 159 92 153 63 10 31 79 139
46 198 192 120 74 54 77 189 72 3 173 59 32 68 144 154 100 112 53 74 112 18 186 189 44 46
172 17 143 31 94 21 180 62 157 69 173 200 83 68 40 3 181 108 98 40 103 99 70 59 65 42 120
115 164 161 187 140 173 167 191 140 48 5 117 39 153 54 66 9 195 156 37 117 170 185 154 12 67 162 166
141 68 89 144 88 12 178 192 78 63 151 88 129 6 27 175 61 131 128 35 4 113 33 77 122 170 133 139 3
144 174 173 29 19 71 200 117 38 91 116 192 45 175 68 147 122 143 68 148 102 65 150 180 138 188 64 56 182 1
74 10 7 152 6 13 83 133 140 23 76 198 179 156 103 183 40 103 173 61 4 6 168 44 108 153 154 172 173 43 36
170 150 18 79 179 20 186 110 196 189 68 99 82 91 32 26 108 95 171 12 81 125 71 110 192 81 109 56 73 192 11 161
127 21 84 25 183 44 119 62 59 134 88 47 73 39 83 0 91 154 28 119 199 24 52 38 182 12 66 177 77 110 131 52 139
100 37 40 200 188 87 22 178 120 158 184 48 35 192 1 117 49 56 30 25 8 70 88 69 24 100 124 57 109 166 60 181 53 193
155 22 22 88 2 61 45 145 63 2 102 95 156 122 193 155 112 125 105 177 107 2 167 103 25 196 0 36 88 26 84 120 142 177 29
109 27 177 66 33 58 140 1 17 109 99 166 57 53 85 74 45 200 119 162 183 131 1 171 91 113 41 114 134 123 192 99 108 9 106 55
10 136 63 149 69 200 1 28 76 50 115 198 196 178 169 158 62 46 142 78 87 27 9 35 170 31 120 112 127 198 126 197 20 99 39 191 62
71 124 170 37 48 140 143 191 41 135 15 44 34 152 171 28 1 160 6 131 183 132 177 52 159 200 184 44 175 115 55 56 195 71 7 190 19 85
111 180 124 131 24 67 91 120 58 164 132 2 5 149 67 60 193 38 62 157 45 18 194 77 157 152 90 74 123 99 91 192 195 169 77 81 36 198 171
89 124 97 186 78 51 26 80 57 55 162 119 101 172 66 172 39 23 33 173 93 31 19 25 143 141 179 123 48 76 179 161 116 163 74 25 5 122 35 7
154 51 188 105 198 169 54 35 154 10 53 10 130 108 56 119 84 1 57 192 70 70 189 80 65 30 27 167 94 88 55 90 87 174 134 103 47 10 147 99 120
62 82 63 94 140 161 197 106 150 164 147 76 100 111 8 127 54 171 10 42 185 90 155 112 99 198 98 28 175 11 22 175 162 90 189 193 157 136 140 184 141 188
20 148 52 162 161 89 42 109 65 117 176 109 153 175 59 177 1 23 35 44 5 186 134 104 121 196 179 4 130 186 135 33 81 171 110 139 109 177 72 155 182 73 70
174 15 196 183 100 193 83 24 89 105 131 35 170 59 191 129 184 15 24 141 92 35 28 86 155 24 159 109 14 135 142 57 165 29 63 122 15 16 40 143 92 69 45 133
107 161 108 196 8 69 21 8 155 147 7 78 180 156 43 53 111 200 105 87 162 115 52 188 9 183 189 15 60 131 11 92 47 22 39 119 72 136 173 130 147 0 60 17 57
107 137 95 41 48 7 84 91 194 197 192 179 121 166 158 18 148 169 42 139 160 92 77 30 27 12 23 19 0 148 106 182 165 105 195 116 17 100 39 161 8 126 195 114 190 15
37 153 9 105 69 197 46 37 40 145 148 114 55 199 88 157 135 65 90 90 200 156 183 21 39 166 126 128 55 39 85 183 47 25 175 107 106 177 88 91 53 2 148 181 109 34 121
88 191 194 61 139 82 141 121 20 131 198 57 10 125 54 41 126 94 90 98 188 160 170 55 43 3 145 23 175 171 122 59 200 131 154 60 91 128 10 19 19 81 200 82 117 166 158 178
74 2 130 22 63 102 27 194 174 191 68 141 165 12 185 45 155 140 177 196 135 3 15 26 76 148 99 108 63 109 16 132 29 193 86 53 101 182 186 112 71 65 171 88 2 114 49 116 105
118 102 177 92 194 102 61 192 87 191 9 86 68 196 73 72 53 125 108 11 175 123 172 25 33 36 177 139 31 125 103 55 87 44 180 149 88 139 187 53 16 124 20 130 135 108 151 173 67 86
157 183 32 46 12 105 127 63 91 182 82 175 117 182 152 183 92 164 48 198 11 65 125 22 148 51 135 29 73 82 71 178 105 127 159 153 26 188 24 163 51 116 55 177 119 84 193 72 137 153 29
82 43 180 131 109 18 124 171 190 12 193 143 37 11 28 0 34 21 76 13 142 19 48 181 36 57 77 158 177 44 28 39 15 187 191 72 120 79 181 119 195 13 86 99 192 70 115 178 179 193 110 199
137 42 169 7 90 34 180 161 99 153 129 12 13 183 175 115 22 29 17 46 9 118 33 98 83 166 131 126 67 169 173 174 43 35 54 180 35 175 159 132 108 174 197 12 63 190 115 63 7 109 27 63 71
53 55 154 29 164 149 183 20 188 112 200 1 199 110 136 200 82 100 127 57 85 173 90 128 169 86 47 142 132 175 115 141 109 196 147 128 163 72 123 160 197 133 106 164 17 151 160 124 18 139 108 62 77 80
129 65 87 172 182 74 81 177 8 109 21 77 19 95 122 87 12 70 98 174 89 12 38 126 111 89 147 159 109 104 13 22 157 64 191 197 83 71 97 170 61 192 3 177 63 36 102 195 101 146 91 144 182 171 168
76 82 129 139 60 183 43 189 80 189 131 48 86 172 198 198 59 194 71 174 99 97 84 82 158 33 155 133 101 2 33 155 188 179 56 8 32 127 22 12 17 58 1 96 79 38 113 67 58 91 151 31 37 100 117 160
6 114 86 148 35 120 162 93 101 13 81 94 133 12 168 69 98 134 192 87 51 12 117 85 10 26 29 104 182 23 68 15 46 194 33 146 65 181 2 120 147 87 87 74 53 99 131 174 91 75 1 51 40 68 35 163 41
4 88 168 87 21 52 38 191 87 35 97 151 177 144 72 28 65 170 134 58 8 188 2 110 20 27 130 39 41 126 104 193 131 9 103 140 116 24 88 103 55 63 177 173 27 94 147 1 50 92 105 193 15 75 125 169 21 12
115 0 0 95 18 33 138 92 39 111 183 181 114 136 161 53 187 85 22 193 98 131 181 27 163 192 183 59 16 126 35 157 34 108 3 47 32 187 54 57 131 100 2 187 177 83 150 25 51 25 4 127 135 171 9 167 147 51 133
163 175 31 129 191 45 12 2 117 82 42 152 76 83 113 199 179 42 113 57 25 137 191 38 8 142 179 115 88 107 172 95 20 133 52 148 6 121 61 127 21 81 127 84 0 81 123 66 10 186 72 1 136 100 27 147 36 163 58 134
171 58 142 74 112 98 122 164 68 52 171 97 88 46 75 139 162 186 176 182 146 114 118 16 63 196 18 80 130 148 117 48 105 158 185 20 85 8 35 52 59 178 67 89 52 147 188 54 184 189 47 167 101 43 14 42 6 79 175 176 120
63 144 179 81 58 66 142 28 64 76 141 65 192 137 31 88 17 101 9 64 146 106 30 76 85 147 177 94 31 61 20 48 70 192 129 114 143 65 138 158 162 124 169 156 32 84 170 45 19 94 199 159 145 166 83 35 121 99 125 0 169 13
163 43 128 194 91 102 12 46 180 106 67 117 3 114 44 125 28 134 134 43 42 138 62 112 53 80 51 22 69 120 36 39 118 24 76 106 73 183 166 58 104 8 53 26 94 108 43 84 50 75 53 60 105 195 121 195 176 37 79 78 132 21 17
164 105 89 99 107 67 12 172 181 50 16 185 28 165 1 24 145 78 84 93 96 74 166 114 16 14 77 169 81 37 119 17 158 192 64 199 161 184 147 42 79 158 23 82 120 60 122 2 6 1 63 27 128 138 118 2 44 87 169 77 185 172 134 108
184 70 150 77 56 134 117 15 151 173 143 1 107 132 113 85 34 78 145 22 59 23 171 46 181 84 58 72 162 152 104 78 6 42 15 35 71 176 92 111 136 80 127 159 163 52 149 39 6 44 90 190 72 17 98 102 52 53 159 57 130 96 41 76 113
108 140 155 190 72 62 24 97 91 85 90 84 188 78 41 9 122 113 133 143 173 107 81 87 59 33 55 58 67 84 189 144 66 160 81 42 186 40 135 26 112 150 168 114 58 26 173 85 149 40 46 92 162 168 34 86 127 110 184 189 126 94 97 163 25 101
185 132 159 125 159 151 28 180 15 74 61 48 113 162 131 26 195 77 95 110 21 93 173 162 171 67 23 121 103 74 81 45 26 157 35 106 143 168 28 59 148 164 112 41 198 134 47 96 90 176 80 7 185 168 56 200 149 96 45 136 113 159 111 86 55 19 47
101 167 169 96 177 81 43 33 51 161 166 34 44 72 44 101 31 56 177 150 180 10 100 73 189 48 70 105 98 171 182 86 101 166 198 59 77 109 169 134 48 38 57 181 171 193 177 130 85 54 89 119 90 11 39 151 163 181 120 108 158 151 150 199 194 90 44 95
144 128 181 16 74 98 166 123 163 44 51 184 46 185 197 175 1 76 109 81 88 122 11 160 8 90 89 189 77 149 84 14 21 149 2 106 130 35 34 64 176 116 48 172 81 99 124 97 113 177 189 74 144 26 175 185 146 99 103 69 55 17 2 130 193 20 161 133 189
171 132 137 51 70 85 52 47 91 80 78 61 182 65 32 169 85 156 166 157 157 156 84 107 169 139 197 88 31 86 0 85 45 102 100 91 25 102 103 134 84 68 154 67 123 162 150 135 46 195 28 127 38 41 155 114 94 75 139 67 75 5 26 153 14 89 83 187 141 2
23 12 159 192 147 118 98 55 68 8 166 137 180 65 193 72 56 52 98 195 139 84 113 67 19 144 21 166 105 72 44 188 59 94 141 198 34 81 125 178 187 46 85 85 199 102 88 25 121 146 44 77 11 111 161 29 17 56 34 181 131 66 133 64 177 132 111 37 38 31 86
140 117 196 70 154 79 14 39 102 25 126 87 120 178 124 179 9 4 18 43 103 175 62 17 65 104 34 7 72 54 18 15 71 109 200 45 10 174 151 86 166 90 114 114 137 140 118 130 139 165 7 27 159 21 129 68 90 115 54 84 162 104 89 36 28 83 145 24 78 95 29 58
139 196 4 39 1 18 166 93 159 176 70 153 95 183 21 87 30 178 138 41 113 124 101 41 5 188 103 196 62 167 119 154 15 111 188 28 93 67 163 121 5 94 45 56 55 112 27 69 77 33 31 125 91 74 52 36 8 94 13 192 117 9 51 126 100 59 172 122 122 97 186 195 86
163 102 56 182 60 61 152 165 24 68 150 69 60 36 66 37 32 103 46 99 137 12 24 99 2 39 140 92 141 18 141 143 184 155 134 30 3 97 1 62 30 18 117 175 172 57 48 157 7 44 41 58 147 66 38 88 104 74 4 197 109 94 75 131 45 46 156 65 140 87 130 198 121 27
29 77 139 0 115 51 58 59 46 194 32 10 11 79 77 1 54 185 175 170 1 178 69 200 158 100 57 97 118 184 112 81 126 82 100 100 11 117 67 55 31 32 97 130 127 33 25 51 136 51 154 38 121 88 117 149 74 105 97 182 70 141 68 116 9 76 151 121 21 12 39 95 101 32 132
159 17 137 92 133 185 56 45 86 55 61 154 25 90 48 175 32 19 131 187 44 127 12 41 36 147 169 66 76 88 70 33 127 90 32 78 160 195 60 139 69 124 4 137 54 177 168 31 25 182 21 173 193 68 54 141 54 192 87 11 138 61 193 113 162 16 30 51 168 79 177 40 68 64 57 152
6 95 74 109 158 68 138 186 131 144 170 199 12 59 48 94 132 190 57 85 134 76 82 160 183 172 18 5 41 85 176 147 14 21 184 139 167 157 140 74 171 14 108 54 115 95 178 84 183 70 200 53 51 100 177 15 30 161 126 167 115 37 148 20 181 116 124 111 200 112 80 90 191 96 117 87 77
126 37 81 164 114 84 102 200 171 157 27 190 40 199 182 175 123 101 47 143 180 40 95 197 21 194 83 24 135 3 145 125 159 98 36 174 88 60 168 3 142 22 77 161 158 153 198 129 14 7 109 30 172 92 3 174 192 131 75 168 198 136 195 108 6 38 35 192 70 95 106 62 77 82 119 2 180 64
29 146 120 59 28 160 113 102 200 37 103 135 9 164 5 181 152 169 183 45 80 162 33 172 138 187 162 11 120 33 12 149 6 45 76 12 162 69 98 86 16 194 114 117 27 192 40 78 131 94 51 128 4 83 118 7 127 121 91 197 173 30 34 160 132 73 3 37 157 39 117 49 65 56 135 70 174 164 184
1 168 163 129 83 97 19 148 175 187 29 4 13 46 153 51 169 82 192 187 186 115 200 131 162 53 142 89 131 160 141 153 69 153 46 170 57 177 6 153 0 70 170 150 177 129 50 179 44 138 149 147 79 20 75 9 23 198 145 190 54 129 97 15 174 179 182 186 160 174 43 36 24 141 139 129 146 190 48 159
114 186 67 14 51 27 58 140 73 183 79 121 114 153 75 159 100 55 174 9 191 93 10 108 90 74 12 140 145 87 130 108 141 13 128 130 98 121 120 59 174 153 157 56 7 20 18 10 69 187 63 114 62 7 47 14 160 98 71 104 53 28 40 118 180 63 88 151 36 182 84 35 112 96 73 31 88 23 32 120 78
61 102 143 74 138 190 39 19 40 122 115 21 153 166 119 62 181 0 82 95 82 149 53 59 60 191 144 7 77 119 165 125 154 199 129 7 35 24 105 43 80 78 145 96 57 168 82 1 132 180 7 49 53 136 9 138 80 189 48 167 44 128 182 38 125 96 132 56 59 110 26 16 60 185 166 144 185 132 46 35 40 73
19 139 83 156 196 20 88 12 33 41 40 172 54 171 167 83 36 183 190 3 104 29 67 115 153 161 22 55 65 47 108 63 159 45 152 95 13 55 103 47 12 127 48 73 3 117 120 37 102 158 167 81 100 89 159 146 178 118 161 145 42 164 48 44 157 132 184 146 166 144 144 5 113 98 74 120 5 31 63 127 17 34 126
14 172 30 105 45 179 163 35 158 187 86 47 118 160 21 69 11 81 72 136 85 111 29 8 179 186 136 190 45 75 199 21 31 145 121 132 51 99 21 9 52 176 176 177 57 38 71 28 18 177 5 191 34 32 174 93 169 125 155 110 146 28 123 17 22 103 72 68 3 126 22 79 64 152 39 135 192 78 8 143 181 145 116 160
16 119 119 172 26 37 153 12 186 43 122 2 194 84 84 141 25 10 70 156 109 108 13 48 82 117 96 128 139 170 11 66 163 182 67 93 136 169 146 1 28 159 75 50 61 129 104 28 67 80 84 2 151 19 195 60 175 176 192 57 127 164 193 134 170 116 41 152 28 69 173 193 70 63 41 64 4 87 163 41 167 23 124 107 48
7 21 98 155 96 180 186 73 182 107 52 90 82 101 11 24 136 75 8 73 151 39 195 26 84 1 87 168 103 94 78 108 4 163 141 68 117 195 7 100 200 163 198 110 85 198 26 180 141 141 83 143 61 32 62 9 163 176 123 114 51 154 43 121 107 35 172 155 23 193 22 200 129 147 28 145 122 17 171 89 179 134 176 27 72 57
178 2 149 76 6 124 24 97 108 89 127 30 144 127 191 66 114 90 68 34 40 112 161 66 90 162 34 20 42 138 41 156 52 50 128 131 93 153 32 51 121 36 73 39 98 61 22 69 113 75 146 152 162 74 100 143 40 200 148 39 167 118 66 99 7 20 21 104 13 93 188 93 12 99 13 189 183 4 125 48 73 164 150 165 32 79 141
157 81 22 5 47 5 31 128 23 121 144 24 164 86 130 40 138 178 149 104 61 156 24 124 51 2 157 151 129 69 22 0 84 12 187 95 116 56 145 124 64 59 196 55 42 57 92 66 163 169 104 106 194 200 187 154 185 174 8 117 94 93 112 36 167 13 31 16 72 112 115 139 108 12 35 5 128 21 63 26 178 87 41 27 136 158 58 108
123 61 140 47 41 99 35 118 90 138 84 161 16 149 71 191 1 178 58 144 47 74 135 97 101 18 156 187 199 191 71 193 16 186 86 95 130 81 180 6 66 83 144 47 165 147 8 8 95 67 56 44 131 64 132 178 114 38 81 39 50 65 4 108 109 44 53 111 24 88 200 61 1 42 40 151 43 31 157 145 10 21 48 124 184 39 75 120 56
98 48 137 80 94 192 2 114 104 5 38 78 20 143 167 129 173 11 174 2 38 199 148 18 120 89 197 146 197 191 170 39 34 111 62 91 173 64 39 72 98 107 2 37 42 107 171 65 134 55 123 123 151 55 63 36 108 150 164 151 128 155 173 171 194 175 0 188 10 84 161 45 113 147 23 184 194 106 6 44 162 97 8 182 33 48 20 159 105 158
75 59 168 155 68 54 181 58 20 160 111 163 62 131 26 58 0 7 60 112 196 182 197 183 51 39 141 50 181 54 84 74 69 189 124 176 172 120 41 86 34 41 5 115 158 5 197 117 82 118 152 95 145 26 10 124 144 146 46 199 98 13 63 29 197 27 66 164 3 142 102 187 182 60 44 33 74 4 179 104 18 173 83 36 184 62 5 131 58 81 8
42 165 86 76 79 81 144 154 135 193 152 62 95 72 171 21 13 199 0 134 177 73 189 43 175 71 173 196 95 105 93 132 103 12 79 141 66 26 180 154 32 145 19 152 165 181 0 185 28 47 122 189 48 114 170 23 194 137 49 127 25 31 156 168 196 45 7 57 94 43 174 102 94 69 28 188 198 42 26 172 70 104 79 167 9 20 199 14 90 175 58 0
169 160 144 147 20 140 94 106 197 117 10 194 50 113 191 102 117 193 159 60 94 21 116 112 59 6 67 183 4 183 120 25 108 18 120 0 165 128 139 97 62 84 29 169 185 159 96 93 87 15 167 196 75 186 108 56 108 33 23 15 98 191 173 74 175 73 23 157 167 139 85 18 31 160 21 67 177 53 33 17 149 189 31 187 28 173 107 155 35 65 23 40 52
196 26 141 29 165 109 62 157 28 26 67 42 9 57 166 198 128 121 195 104 109 88 4 14 122 17 134 128 153 160 182 187 118 85 121 107 94 66 141 199 56 161 65 21 6 96 104 161 74 24 164 3 26 33 30 179 19 110 200 185 115 72 63 154 126 163 79 146 18 19 125 188 43 168 73 172 71 28 156 150 196 186 51 110 4 120 20 56 58 186 83 76 38 90
198 113 34 196 56 163 141 189 144 71 119 97 182 82 132 188 176 83 65 108 108 14 194 160 74 60 106 28 23 29 174 40 14 101 130 100 161 27 125 38 180 93 69 1 39 114 200 100 124 54 57 6 1 67 62 165 75 100 163 76 81 158 114 5 52 182 126 143 131 31 151 64 115 119 138 119 117 95 53 13 129 23 189 160 68 197 140 164 147 18 95 169 193 18 192
115 55 66 135 170 50 125 169 151 75 189 145 5 165 7 65 4 109 118 145 176 80 38 65 152 41 102 191 102 7 19 83 123 104 131 196 13 17 191 144 88 157 114 122 106 4 193 168 177 97 35 100 171 134 69 183 106 12 137 116 185 168 66 12 24 116 58 18 179 53 160 172 120 152 56 146 172 91 173 39 155 10 25 158 65 179 83 61 124 125 56 36 187 75 197 6
11 80 109 43 193 148 193 133 163 157 130 149 135 36 129 166 42 129 43 81 33 59 134 89 141 52 197 153 51 173 171 161 174 191 60 152 161 4 59 121 34 120 160 187 199 96 106 81 108 162 98 87 57 90 164 12 197 87 49 165 40 127 124 165 188 190 139 152 38 56 199 125 176 20 20 57 4 131 73 36 6 124 179 41 29 109 89 186 97 19 120 195 94 198 53 79 64
122 130 117 100 5 91 22 54 44 75 28 100 19 98 117 149 91 36 0 171 16 8 184 160 150 80 18 150 92 22 13 126 21 52 55 184 7 29 78 64 173 28 182 172 98 87 106 107 103 18 90 162 57 110 73 122 53 128 174 115 80 27 147 24 97 103 133 56 69 35 180 64 121 126 91 5 161 20 121 88 1 18 196 100 69 2 121 199 182 51 195 129 189 196 29 195 162 32
173 93 92 12 164 195 32 52 69 67 71 99 20 162 17 177 177 43 54 181 6 182 126 129 35 160 23 67 6 108 146 74 152 40 152 159 20 27 163 153 184 52 40 89 199 116 32 91 154 185 172 28 176 96 16 39 24 145 55 45 147 173 23 121 171 163 102 176 78 9 81 188 117 129 3 55 13 125 166 184 87 131 88 50 183 109 193 86 155 128 26 31 99 127 193 172 102 56 99
mr 60 60 -2
qv 40 82
ap 74 name-4 119
qci 56 64
qbs
mr 42 75 -10
qts
ap 34 name-50 127
qts
qts
ap 98 name-93 13
qts
qci 52 26
qci 63 47
qv 68 68
mr 9 16 21
qbs
qci 56 73
qts
mr 75 83 -199
qci 100 70
mr 86 63 -115
mr 100 2 -176
qci 92 53
ap 86 name-99 49
qbs
qbs
qts
qci 51 44
qv 59 60
qci 53 35
qv 12 58
qv 60 17
qci 42 73
qci 11 22
ar 47 34 168
qv 95 88
qts
qts
ar 85 69 169
qts
qbs
qbs
ar 9 64 180
ap 39 name-86 63
qbs
qci 10 99
mr 89 89 166
qv 13 15
qci 50 44
ap 59 name-70 18
mr 96 19 -28
ar 18 86 101
qv 24 3
qbs
qts
qbs
qts
qts
qts
ar 21 64 186
qbs
qci 21 39
mr 37 91 -88
mr 56 12 90
mr 8 12 176
qv 95 91
ap 78 name-53 96
ap 5 name-54 72
qci 55 68
qbs
qbs
mr 19 68 87
qts
mr 47 5 75
qci 41 20
mr 3 2 -157
qbs
mr 74 83 -189
ap 41 name-38 47
qv 62 93
qts
qv 14 5
ar 50 5 166
qts
ar 23 98 181
mr 46 68 68
qv 44 68
qci 46 89
ap 63 name-63 159
qv 66 96
qts
mr 69 93 24
ar 29 83 31
qts
ap 95 name-39 192
qci 52 97
mr 83 48 -169
qbs
qci 15 8
qci 81 40
qts
ap 21 name-56 58
ar 25 98 131
qv 91 74
mr 13 45 160
qts
qv 92 35
ap 36 name-14 199
mr 39 61 -30
qts
qv 56 61
qci 46 30
qv 37 30
qv 10 47
qv 90 21
qv 65 53
qts
qbs
ar 91 13 28
mr 70 47 -111
qv 72 21
ar 21 71 14
qci 29 99
mr 59 18 133
qci 35 20
qts
qts
mr 91 71 -55
qbs
mr 89 33 -150
ar 47 99 135
mr 73 98 94
ap 1 name-58 122
qts
ar 53 63 160
qbs
ap 58 name-88 63
qbs
qci 4 45
qv 90 68
qbs
qbs
mr 85 97 36
ap 28 name-35 198
ar 87 95 175
qts
qbs
qci 56 19
ap 1 name-61 57
qts
ap 50 name-50 97
qbs
qv 9 78
qbs
qts
qts
qv 1 88
ap 95 name-51 24
qci 78 33
qbs
ap 58 name-66 43
qts
mr 23 60 -98
qv 82 96
qv 55 16
qts
qts
ar 74 5 160
qci 70 1
qci 80 46
ap 65 name-46 124
ar 82 99 114
ar 93 23 111
qv 10 81
qbs
ap 39 name-15 19
ar 54 31 38
ap 66 name-76 99
ar 83 81 133
qts
ar 39 73 150
qv 43 82
ar 51 56 72
qci 57 72
qci 39 25
qbs
qts
qbs
qv 60 88
qci 88 90
qbs
qci 31 2
ar 53 12 33
ar 83 31 39
qv 56 5
ar 8 63 4
mr 7 98 -115
qv 14 53
qts
mr 62 74 -119
ar 32 70 126
ap 65 name-7 51
qts
qci 53 50
mr 98 6 63
ar 74 71 12
mr 84 2 145
ar 5 33 7
mr 11 24 -106
qci 67 15
qts
ar 84 7 73
ar 68 66 106
ar 5 84 33
qbs
ar 57 50 171
qci 20 41
ar 34 61 91
qv 57 27
qci 61 97
ap 55 name-53 11
mr 16 31 182
qci 55 38
qbs
ap 85 name-92 123
ar 3 80 13
qci 38 37
qci 48 73
ap 36 name-43 106
qts
ar 38 68 181
mr 83 61 20
qci 46 75
qv 58 34
ap 2 name-42 109
ar 23 41 43
qbs
ap 44 name-54 2
qts
qts
qv 61 10
ap 16 name-22 87
mr 79 60 192
ap 8 name-42 12
mr 32 92 54
qts
qv 92 11
ar 88 66 3
mr 21 63 65
qts
qts
qbs
mr 20 43 -130
ar 68 20 191
ar 43 65 136
ar 11 52 87
qci 87 91
qci 55 42
qbs
ar 24 26 154
qts
ap 7 name-18 39
qbs
ap 44 name-60 39
qbs
qci 49 76
ar 49 10 36
ap 64 name-12 24
ap 1 name-78 5
ap 15 name-33 10
qbs
ap 24 name-3 190
ap 61 name-85 151
qbs
qts
qv 8 84
qts
qts
qbs
qbs
qv 35 95
qts
qts
qv 91 96
ap 76 name-30 32
qts
qv 3 61
ap 48 name-77 148
qts
qv 89 97
ar 44 81 106
ap 12 name-33 41
ar 32 81 53
ap 24 name-98 133
qts
qbs
qci 34 43
qbs
ap 6 name-24 185
ar 72 6 18
qv 34 14
ar 18 4 42
ap 32 name-17 80
qts
ap 36 name-84 91
mr 59 5 -105
ap 86 name-93 191
mr 92 91 155
qci 2 60
ap 15 name-19 29
qbs
qci 92 27
ar 92 54 82
ap 75 name-92 132
mr 75 89 28
ar 100 56 128
qts
ap 70 name-54 131
ar 61 95 23
qts
mr 72 13 130
qv 19 32
ar 15 19 141
qv 69 10
ar 94 74 92
qts
qv 26 98
qv 25 48
qv 10 21
mr 93 81 -132
qts
mr 44 100 -144
mr 96 97 -76
qci 95 78
ap 25 name-55 161
ap 43 name-69 125
qts
mr 68 46 -64
qbs
qbs
ap 4 name-16 69
ar 42 8 157
ar 53 52 97
qci 26 82
qv 68 54
qv 48 8
mr 38 100 56
ap 25 name-56 75
mr 74 93 -76
qbs
qts
qbs
ar 14 21 110
ar 65 79 101
qbs
ap 59 name-10 189
qv 8 53
ar 100 67 52
ap 4 name-80 123
ar 45 47 3
ap 30 name-3 159
qbs
ap 93 name-75 151
qci 69 55
qbs
qts
mr 5 44 -165
ar 24 95 8
qbs
qbs
qbs
qv 91 35
qv 14 67
qbs
ap 23 name-40 15
qv 51 13
ar 62 94 109
qbs
ar 83 41 54
qts
qbs
ar 34 12 35
qv 54 27
qci 56 83
qts
ap 27 name-69 137
mr 8 44 -17
ar 70 66 4
qbs
qts
ar 84 79 10
ap 42 name-87 8
mr 13 47 32
ar 20 20 196
qts
qv 90 41
mr 78 7 22
qbs
qbs
ap 94 name-21 79
qv 24 13
qts
qts
mr 40 26 98
qci 3 44
ar 10 59 66
qbs
qts
qci 32 73
ap 19 name-76 165
qbs
ap 2 name-49 99
qv 30 6
ar 29 8 127
qv 17 91
ap 36 name-10 92
qts
qts
ap 62 name-38 148
qbs
mr 73 80 28
qbs
qts
qci 91 43
qci 4 56
qbs
ar 31 87 191
qbs
mr 32 51 99
qbs
qci 60 64
qv 56 64
qts
qci 30 93
qci 42 25
ar 1 18 80
qv 95 55
qv 23 43
qbs
ap 3 name-41 181
mr 96 72 -38
qbs
qv 61 69
qv 96 83
qbs
qv 24 6
qts
qts
ap 37 name-30 45
qv 38 60
qci 25 45
qts
qbs
ar 7 20 83
mr 94 19 -151
qv 61 54
qv 4 10
qts
qv 40 58
qbs
qci 16 41
mr 98 28 35
mr 2 23 190
ap 84 name-69 97
ap 17 name-52 42
qv 28 68
ar 17 12 132
qv 81 6
qbs
ar 70 96 41
qci 10 47
qts
ap 84 name-61 67
ar 69 53 104
qci 50 51
qci 10 67
qv 22 4
qbs
qbs
qts
qci 58 100
qv 87 19
qbs
qts
qci 34 33
ar 69 44 49
qci 17 6
ar 64 94 39
qts
qv 80 97
qbs
ap 53 name-70 73
mr 50 85 4
ar 84 80 80
ap 90 name-31 35
qci 35 63
qci 6 63
qci 30 42
qbs
qci 28 98
qts
ap 63 name-35 184
qbs
qci 50 69
mr 47 32 105
qci 44 62
mr 15 80 181
qts
qv 14 15
qv 56 97
mr 80 10 -178
ap 28 name-71 160
qbs
qts
ap 22 name-63 177
ar 73 95 86
qv 63 65
ap 42 name-42 28
qci 12 48
mr 78 87 174
ar 32 2 20
mr 80 73 20
ar 88 78 20
ar 45 65 12
qv 90 41
qci 35 2
mr 79 12 24
qts
qci 34 65
qv 53 47
mr 55 62 -73
qv 1 70
qv 40 30
mr 89 91 -109
qv 58 91
qbs
qv 37 95
mr 78 56 17
ar 37 72 155
ap 84 name-16 27
qbs
qci 83 52
qci 17 47
qbs
qbs
ap 72 name-11 74
qci 13 21
qv 74 4
mr 75 6 38
qbs
qbs
ap 78 name-57 81
qci 55 88
qci 89 60
qts
ar 66 84 76
qci 100 62
ar 15 99 156
ap 50 name-13 132
qbs
ap 63 name-72 83
qts
qts
qci 79 33
ar 64 36 134
mr 54 25 191
qv 95 28
qts
mr 33 85 181
qbs
qv 5 32
mr 17 31 141
mr 46 55 -60
qbs
mr 14 6 105
mr 93 34 36
qv 44 38
qbs
ar 12 6 39
qci 38 50
qbs
ar 48 9 54
qbs
ap 20 name-78 60
qbs
mr 64 2 188
qts
qts
ar 98 65 198
qci 73 23
ar 45 12 10
ar 21 48 166
qbs
qbs
qbs
ap 54 name-17 149
ar 80 28 135
ap 79 name-33 18
ar 82 59 101
qv 21 3
ar 81 17 134
ap 87 name-42 47
qbs
qbs
mr 87 48 176
qts
ar 26 20 76
ar 55 33 68
ar 23 50 75
ar 72 100 118
qci 99 18
qts
qci 95 11
qts
ar 81 64 127
qts
qts
qts
ar 56 54 83
ap 76 name-50 177
qv 20 76
qv 47 89
qbs
ar 24 78 192
qci 63 38
qts
qts
qci 18 20
qbs
ar 16 85 166
qts
ap 60 name-8 64
ap 1 name-50 120
ap 68 name-99 41
ap 41 name-93 56
qts
qbs
qts
qbs
qv 46 4
qv 87 77
qv 53 83
ap 37 name-89 192
qts
qbs
mr 71 70 -119
qci 22 39
qts
ap 3 name-94 84
mr 79 24 99
ap 99 name-43 137
qci 46 13
ar 90 73 145
qbs
mr 61 67 -192
ap 84 name-66 77
qts
qci 82 14
qci 31 20
qv 32 92
qv 73 91
ap 1 name-35 176
qbs
qbs
mr 13 43 -75
ap 73 name-19 32
qci 68 79
ar 31 32 130
ar 100 28 191
mr 70 17 -41
qts
ap 14 name-13 96
qv 85 96
mr 1 1 -43
mr 85 37 57
ar 6 30 8
qts
ap 44 name-81 183
qci 44 33
mr 69 94 68
ap 62 name-22 64
ap 2 name-44 184
qci 1 5
mr 72 80 155
ap 72 name-40 187
qbs
qci 95 83
mr 63 53 196
qv 22 6
qbs
qci 2 88
qts
qts
qbs
qv 87 1
qts
qbs
qts
ap 24 name-72 15
ar 67 79 171
qci 44 95
ap 43 name-87 188
mr 68 29 85
ap 55 name-73 108
qbs
mr 70 50 12
qbs
qbs
ar 48 26 166
ap 22 name-69 167
ar 100 59 36
ar 96 18 153
qv 46 26
qbs
ar 10 24 71
ap 57 name-74 161
qbs
ar 59 41 95
ap 87 name-1 173
qbs
mr 79 37 -121
mr 63 59 -70
qbs
qbs
qts
qv 48 68
qci 73 86
qts
qts
qci 50 24
ap 6 name-13 159
qts
ap 92 name-71 97
qci 6 56
mr 69 9 116
qci 56 28
ar 64 51 134
mr 48 87 -63
mr 16 71 78
qv 58 6
qts
ar 39 63 152
qts
ar 16 26 6
qv 93 80
ar 93 51 159
ar 89 12 129
ar 12 59 158
ar 72 72 170
qts
qts
qts
qv 23 89
ar 97 71 83
qv 6 78
mr 67 50 105
qts
qbs
qts
qbs
qv 44 88
qci 78 96
ap 78 name-54 89
qci 61 58
qts
qts
qts
qts
qci 82 74
qv 96 99
qci 100 90
ap 5 name-77 21
qci 84 72
qbs
qbs
qbs
qv 57 66
qts
ar 85 38 9
qts
ar 82 32 144
mr 21 22 145
ar 40 97 79
ap 8 name-59 180
qv 78 16
qv 53 47
qci 86 61
mr 84 19 -107
qts
ap 36 name-89 101
qv 60 82
ar 23 6 118
ap 84 name-57 23
qci 100 55
qci 44 81
ar 85 45 89
qv 64 57
qts
mr 83 39 -166
qbs
qbs
ap 30 name-70 169
ap 30 name-85 120
ap 96 name-29 145
qci 93 69
qts
qts
qv 67 33
ap 44 name-19 110
qts
qbs
qci 77 89
qts
ar 74 75 131
qts
qbs
qbs
ar 10 84 81
ap 28 name-100 2
ar 77 30 111
mr 37 2 180
ap 8 name-23 11
qv 23 60
ar 45 79 178
qci 49 5
ar 79 17 63
ar 16 22 115
mr 36 17 97
ap 91 name-14 60
mr 21 79 98
qci 71 66
qts
qbs
ar 89 58 102
qbs
qbs
qbs
qbs
ap 63 name-7 146
mr 78 67 25
qbs
qv 28 30
ar 93 38 61
qv 94 35
ap 1 name-60 82
qts
ap 6 name-13 62
mr 52 74 126
qts
qv 43 23
ar 19 3 91
qv 82 56
ar 13 42 7
qts
ar 98 97 15
ar 41 31 73
qv 51 83
qv 68 90
mr 91 96 -101
mr 77 48 -180
qci 72 96
qts
qts
qbs
mr 75 70 22
ar 66 47 166
qci 31 59
ap 16 name-45 173
ar 56 91 28
mr 36 66 168
qts
qci 67 84
ap 84 name-22 146
ar 24 76 61
qts
qbs
qv 6 40
qbs
ar 40 39 116
qts
qts
mr 100 3 -25
qts
qts
qts
qbs
mr 29 80 -186
qbs
mr 61 88 -125
mr 98 92 110
qci 55 2
mr 32 73 157
qbs
qts
mr 56 60 -133
qbs
qv 12 76
mr 58 22 193
qbs
ap 8 name-29 106
qv 4 41
ap 28 name-67 71
mr 65 71 39
ap 15 name-82 181
ap 43 name-32 179
qbs
qv 93 26
mr 40 10 -171
qbs
ap 31 name-54 69
qci 81 6
ar 21 13 69
ar 38 39 170
ap 70 name-56 64
ap 92 name-51 119
qci 29 42
qts
qv 47 90
qts
qv 83 99
qbs
qts
mr 62 12 53
qts
ar 59 25 15
qbs
qci 54 59
qts
qts
mr 76 70 25
qci 96 91
qts
qv 47 48
ap 30 name-87 47
qts
ar 87 57 65
qbs
qci 98 19
qci 11 22
qts
ar 41 55 193
ar 39 49 48
ar 53 53 12
qv 44 4
ap 19 name-44 177
ap 22 name-13 99
ar 51 10 154
qci 35 48
qbs
qbs
qci 48 46
ar 40 28 172
qci 6 21
qts
ap 93 name-16 147
ap 57 name-2 69
mr 32 30 108
qts
ar 44 55 25
mr 73 52 -168
qbs
qts
ar 45 92 92
mr 22 62 -104
ar 84 45 92
ar 48 3 187
ar 18 78 13
qbs
qci 1 42
ar 27 83 103
qci 94 65
ar 79 72 127
qbs
ap 62 name-35 93
qts
qts
ar 83 26 96
qci 73 90
qci 85 17
qbs
qv 98 36
qv 40 22
qts
qbs
qv 51 96
mr 15 48 196
qts
qv 82 99
mr 92 69 70
qv 37 76
qts
qv 4 37
qts
qts
qbs
ap 69 name-79 166
qci 19 66
qbs
ar 11 86 167
qci 82 18
qts
qts
qci 62 71
qci 92 68
qci 74 9
ar 68 94 60
mr 62 58 114
ar 88 39 121
mr 46 84 182
mr 32 45 -59
ar 24 69 104
qv 65 58
qts
qv 43 23
qbs
qbs
ap 10 name-98 23
ap 97 name-68 73
qci 35 95
ap 8 name-34 69
mr 47 79 -200
qbs
mr 11 22 148
qts
qbs
mr 16 90 154
qbs
qci 16 86
mr 53 80 -98
ar 71 81 172
ar 4 37 190
ap 20 name-86 68
qts
qci 26 6
ar 71 24 183
ar 30 13 39
qv 33 98
qci 1 19
ap 51 name-21 126
qts
qts
qv 11 15
qci 53 64
ap 30 name-61 27
mr 88 31 107
qci 46 95
qci 21 3
qts
qts
mr 47 28 11
qci 46 43
mr 90 29 -64
qci 27 1
ap 100 name-35 45
qci 19 59
qci 18 44
ap 27 name-38 125
qts
qv 96 96
qts
qci 100 92
ap 10 name-80 32
qci 10 100
qbs
qbs
mr 100 83 30
qci 76 94
ap 91 name-51 18
qts
mr 15 58 25
ap 9 name-11 167
qts
qv 16 15
mr 31 71 80
ap 51 name-85 159
qv 50 48
ap 47 name-8 78
mr 71 34 -125
ap 17 name-7 130
ap 8 name-36 9
qv 10 18
qci 41 19
qts
ap 89 name-96 153
qci 70 78
qts
ap 16 name-16 198
qci 16 90
mr 9 39 114
qts
qci 100 88
ap 73 name-98 188
qts
qci 10 37
ar 69 92 82
qbs
ar 24 92 127
ar 30 81 2
qv 38 71
mr 22 78 167
qv 9 28
ap 54 name-32 159
ar 51 10 48
qts
qv 70 71
qci 41 9
qts
mr 49 41 128
mr 88 52 -187
qci 46 31
ap 100 name-87 21
qci 54 9
mr 82 77 -142
qbs
ar 83 12 108
mr 34 32 39
qts
ap 53 name-48 142
qv 50 99
qv 35 96
qci 52 15
qbs
ar 12 81 129
qv 50 100
mr 5 55 113
ap 95 name-82 34
qci 68 67
ar 5 69 122
qts
ap 57 name-28 99
mr 10 39 16
qci 55 36
ar 64 44 96
mr 25 53 100
ar 76 59 88
qts
qts
qbs
ar 15 82 157
qbs
qv 60 91
qts
mr 60 95 189
qts
ar 64 36 103
ap 20 name-59 147
ap 90 name-90 146
ap 14 name-33 1
qv 16 85
qv 57 37
ar 50 39 132
qv 79 57
ar 26 59 193
qts
qbs
qv 68 94
qv 47 40
mr 85 90 127
qci 84 20
qbs
mr 93 33 -54
ar 23 89 61
qts
ar 6 90 193
mr 88 63 -7
qci 4 27
mr 44 67 8
ap 58 name-73 174
ar 17 10 61
qci 81 98
mr 23 16 121
mr 22 52 170
ap 98 name-96 34
ap 43 name-29 112
qci 99 52
qv 31 76
ap 72 name-82 117
qv 34 4
qci 73 45
ap 60 name-26 140
qv 25 47
qci 45 50
qts
qts
ap 39 name-2 191
ap 41 name-76 112
qbs
qv 3 33
mr 60 41 87
qts
qbs
mr 89 18 3
qci 32 44
qv 99 67
mr 43 77 178
mr 63 18 39
qci 19 49
qts
qts
mr 89 23 -176
qci 55 41
ap 55 name-35 37
mr 98 36 17
qv 81 89
qts
qci 75 82
qbs
mr 96 21 54
qv 61 14
qci 9 36
ar 84 32 172
ap 64 name-73 119
qv 63 42
qts
qci 96 39
ap 54 name-95 104
qv 98 88
qts
qts
qci 22 69
qci 66 39
ap 100 name-1 8
ar 73 19 140
qci 78 54
qbs
ap 67 name-83 42
qts
qci 71 15
qv 18 40
ar 60 30 151
ar 49 38 32
mr 8 25 116
qci 51 48
mr 52 47 172
mr 74 57 -109
ap 14 name-59 91
qci 85 28
qbs
ar 11 67 148
mr 15 5 -68
qbs
ap 69 name-62 152
mr 24 81 -58
qbs
qv 50 47
qts
qbs
ap 11 name-13 74
qv 45 29
ar 57 41 101
qv 1 49
qv 53 6
qv 11 68
qv 35 57
qbs
ap 33 name-10 157
qci 65 51
ap 31 name-18 193
qv 50 62
qv 23 41
qv 78 9
qv 17 99
qv 60 48
ar 74 78 20
ap 24 name-38 46
qv 54 64
mr 69 40 -87
qci 95 59
qts
ap 68 name-26 173
ap 14 name-12 81
qv 49 14
mr 73 64 -131
mr 99 20 -162
qci 90 52
ar 62 16 145
mr 39 72 30
ar 23 90 48
ar 45 66 76
ar 90 33 49
qv 23 83
qts
qbs
qbs
ap 69 name-32 12
ap 98 name-12 188
qci 86 48
qts
qv 70 32
qci 9 73
qbs
ar 76 15 100
qts
qv 36 78
qci 80 27
ap 77 name-2 75
mr 25 52 42
mr 81 59 -68
mr 54 52 -94
ar 70 87 173
ap 18 name-53 106
ar 15 50 83
qts
qci 56 72
ap 90 name-96 8
qbs
ar 29 19 140
qbs
ap 59 name-34 145
qci 79 13
qbs
ap 99 name-87 92
mr 50 60 94
ap 98 name-69 200
qci 63 57
qv 62 90
mr 34 25 65
qts
qts
mr 22 22 132
ap 98 name-91 37
qci 85 15
qbs
ar 53 90 117
ar 74 89 5
qci 95 83
qts
qts
qts
qv 46 47
mr 27 44 162
qbs
qci 75 75
qts
qbs
mr 70 34 -1
qts
ar 10 21 130
qv 6 61
ar 59 41 113
ap 84 name-84 180
qts
qts
qv 79 98
ap 84 name-3 45
qci 32 60
qci 3 99
qts
qv 77 69
qci 13 40
qts
qbs
ap 24 name-14 58
qts
qci 96 22
mr 74 21 -150
mr 6 20 -172
qbs
qts
qbs
qbs
qbs
qv 13 18
ap 79 name-76 17
qbs
qci 34 32
qv 81 77
ar 45 46 94
qts
qv 70 97
mr 67 51 -48
mr 44 34 -146
qci 19 3
mr 83 30 175
qv 59 99
ap 55 name-34 164
qv 41 86
ap 33 name-34 77
ap 17 name-24 44
mr 34 14 -100
qv 18 84
ap 97 name-66 23
mr 61 40 58
qbs
qbs
ap 35 name-84 143
ap 91 name-70 12
qbs
ar 81 40 94
mr 8 55 -42
ar 7 80 20
ar 73 54 141
qts
qts
mr 51 99 -24
ap 28 name-48 107
qci 82 13
ar 39 84 170
qci 13 23
qts
qbs
qci 35 70
ap 25 name-72 133
qv 20 21
qts
ap 31 name-94 193
qv 38 59
qv 15 46
ap 10 name-55 181
mr 73 2 -102
qv 5 78
qv 9 68
qbs
mr 62 22 -46
qbs
qts
qci 50 67
qci 75 31
qbs
qci 91 73
qci 21 50
qbs
qci 1 51
qci 29 21
qci 57 98
ar 60 90 61
qts
ap 32 name-55 28
mr 52 1 26
qv 78 80
qts
ar 43 76 12
ar 23 68 54
qv 37 12
mr 51 78 68
ar 39 75 12
qv 57 59
qbs
qts
mr 77 73 -63
qbs
ar 12 99 86
qts
qci 24 79
mr 74 88 -4
ap 100 name-43 14
qbs
ap 3 name-2 85
qv 44 92
qbs
ap 69 name-42 160
ap 64 name-94 142
qbs
ar 73 24 69
ar 6 44 88
ap 61 name-58 16
ar 94 54 35
ar 69 7 82
ar 9 70 73
qci 49 20
qts
qci 73 53
qbs
ar 26 99 149
qci 30 82
qts
qts
qv 93 82
ar 17 29 120
ar 43 2 156
qbs
qci 41 32
qv 64 77
qts
ar 57 3 185
qts
qts
qci 66 95
mr 51 23 -111
qts
qbs
ar 18 84 144
ap 74 name-22 57
qts
ap 81 name-16 158
qci 89 74
ar 10 15 34
mr 70 19 -88
qci 22 18
qbs
qci 8 94
mr 2 83 -71
qbs
qv 4 56
qbs
qts
mr 33 85 -159
ar 46 12 124
ar 38 38 123
qci 7 42
ar 19 14 151
mr 10 35 35
qbs
qci 46 69
qbs
ap 35 name-56 188
qci 13 75
qci 35 21
mr 41 54 7
qv 82 24
ap 89 name-60 135
mr 81 15 -22
ap 20 name-80 1
qci 76 2
qbs
qci 23 45
ar 43 41 40
mr 63 90 -114
ap 44 name-3 77
qts
mr 21 5 11
qts
qci 38 57
qbs
mr 69 43 22
qbs
qv 87 29
ap 37 name-79 170
qv 37 67
ap 94 name-58 168
ar 100 57 14
ar 22 100 82
ap 68 name-64 120
ap 6 name-99 200
qv 99 73
qci 52 24
ap 32 name-90 116
ap 66 name-91 180
mr 41 91 -112
qci 47 40
qts
qts
qts
mr 100 20 -197
qci 17 42
ar 95 77 82
qci 93 64
ap 75 name-59 154
qbs
qv 10 59
qci 32 2
ap 79 name-7 10
mr 57 33 62
qts
qci 1 35
ap 72 name-92 119
qv 56 83
ar 58 34 127
ar 57 58 71
qv 28 14
mr 53 21 -112
qbs
ap 77 name-96 106
ap 84 name-91 116
mr 5 78 -158
qbs
qts
qbs
ap 98 name-83 166
mr 89 54 198
qv 12 23
qci 67 73
ar 43 76 35
mr 100 52 -83
qts
ar 60 89 160
qbs
qbs
qci 57 31
qci 2 2
qv 49 19
qci 8 13
qci 93 25
ar 21 19 142
qv 11 63
ar 20 33 125
ar 74 99 88
mr 96 95 56
qts
qts
qbs
ar 77 20 147
qv 86 26
qbs
qbs
qts
ap 94 name-87 124
qci 57 10
qbs
qci 1 28
ar 39 50 92
qts
qv 24 32
ar 92 15 40
qts
ar 21 73 191
ap 76 name-90 173
qts
mr 1 47 -152
qbs
mr 47 27 17
qts
qbs
qbs
qci 40 99
qbs
qci 27 45
ar 42 20 56
qv 61 87
qci 60 52
mr 35 32 -30
ap 3 name-94 116
ar 6 34 191
qts
mr 58 74 86
ar 32 55 98
qv 32 39
qci 69 71
qv 10 35
qci 95 8
qts
ar 19 50 148
mr 70 7 -93
qts
mr 84 81 57
qci 84 99
qv 53 45
ar 13 81 25
qci 34 9
ap 67 name-91 85
ar 61 89 102
mr 44 88 12
ar 31 80 72
qci 91 14
qts
ar 59 15 146
qbs
mr 34 87 76
qts
qts
mr 23 44 -6
mr 90 24 -125
ap 31 name-63 51
ap 53 name-68 25
qci 1 75
qci 20 99
qbs
ar 19 80 14
qbs
ar 57 99 16
ap 75 name-99 130
qv 47 11
qci 35 36
mr 8 21 33
qbs
qbs
ap 52 name-97 154
qv 59 72
qts
qv 28 73
qci 55 12
ap 11 name-14 19
qbs
mr 25 11 11
ap 69 name-7 45
ar 44 8 62
ap 67 name-84 59
qts
ap 76 name-89 10
ar 56 83 183
ap 65 name-80 53
qbs
ap 29 name-74 134
qci 40 72
qci 68 47
ap 22 name-75 45
qbs
qci 75 87
mr 10 38 196
ap 88 name-98 191
qv 82 7
ap 66 name-82 85
qbs
qci 96 71
qv 62 97
qci 40 64
qbs
qbs
qv 42 89
qv 3 49
qci 28 22
qts
qts
qbs
qv 51 61
qv 84 23
qci 42 98
ar 73 87 87
mr 92 96 139
qci 90 7
qci 74 30
mr 43 33 -65
mr 43 76 -4
mr 21 41 -179
qbs
mr 38 15 196
qci 66 25
ap 83 name-76 129
qci 88 23
qbs
ap 34 name-80 76
qci 64 74
qbs
qbs
qbs
mr 48 45 -49
mr 44 59 -6
mr 84 48 74
qbs
qci 35 65
qts
qci 85 49
mr 68 30 37
mr 76 19 -49
qts
qbs
qv 91 81
qci 88 42
qbs
qv 71 67
qci 71 9
qv 53 34
qci 96 19
qbs
qts
qts
qts
qts
qbs
qts
qv 11 80
qci 4 5
ar 80 54 41
mr 28 93 -23
qbs
mr 60 18 99
ap 67 name-62 21
mr 37 55 133
qci 71 25
qci 26 48
qts
qts
mr 50 51 18
qbs
mr 9 73 -177
ar 59 3 100
qv 74 20
qbs
ar 9 38 113
mr 38 64 -102
qts
ar 31 88 182
qv 60 97
qts
qci 28 95
mr 26 10 -187
ap 39 name-50 74
ar 61 14 191
qts
qci 48 58
ap 99 name-63 176
qbs
qci 68 42
ap 51 name-69 87
ap 41 name-67 87
qbs
qci 82 87
mr 45 51 193
ap 86 name-81 175
qbs
ar 99 5 16
qv 14 66
mr 74 66 187
mr 63 89 0
ap 98 name-24 113
qts
mr 97 57 11
qv 36 35
qbs
mr 39 23 192
qv 3 88
ap 67 name-9 199
qts
qv 68 8
qts
qv 86 67
ar 61 48 45
qci 76 79
ar 82 100 87
qbs
qci 52 16
ap 99 name-38 17
qv 22 46
qv 61 97
mr 67 16 -17
qci 12 45
ar 40 27 186
qv 25 96
qts
qts
qbs
mr 62 66 185
qts
mr 17 28 183
qts
qts
qv 61 13
qv 84 86
ar 99 89 165
qv 76 24
qbs
ar 92 7 127
ar 50 65 157
ap 60 name-19 9
qbs
mr 15 36 -9
qci 18 72
ar 67 65 129
qci 16 75
ar 94 74 11
qbs
qbs
mr 81 69 20
ap 75 name-64 119
qv 38 76
qci 93 37
ar 88 80 191
ar 58 75 114
qci 37 67
ap 2 name-2 108
ap 55 name-34 77
qv 91 91
qv 62 76
qci 32 42
qv 37 81
ap 5 name-97 104
ap 73 name-2 41
qv 72 70
ar 42 40 15
qbs
ap 80 name-8 2
ar 12 72 91
ar 85 7 133
qts
ap 14 name-63 162
qv 33 17
qbs
ap 20 name-94 105
qts
ap 58 name-77 146
qbs
mr 45 38 -107
qts
ap 11 name-35 16
qci 30 40
ap 4 name-32 192
qci 26 90
qci 79 23
qbs
qv 11 9
ap 44 name-49 83
qts
qci 77 97
qbs
qv 17 80
ar 58 13 163
mr 59 10 -76
ar 90 96 19
qts
mr 78 58 -130
ar 33 23 116
mr 50 14 166
ar 41 100 87
mr 12 29 -93
ap 18 name-91 138
qts
qts
mr 98 61 -165
qci 95 37
qv 62 11
mr 52 87 148
qbs
qv 72 34
ap 63 name-9 73
qts
ar 33 62 76
qv 47 60
mr 69 49 -92
ar 52 45 88
qv 51 60
mr 38 8 -200
ar 2 19 181
qv 77 46
ap 77 name-17 62
qci 34 6
ap 79 name-23 178
ar 30 39 164
qts
qts
mr 3 5 -31
qts
qci 56 65
ar 100 32 159
ar 74 24 105
mr 43 79 188
ap 18 name-10 38
ar 58 88 98
ap 87 name-56 57
ap 84 name-3 23
ap 30 name-12 59
qts
qts
qv 50 66
qv 96 54
qts
qts
ap 36 name-61 104
qts
qts
qci 64 99
qbs
qbs
mr 92 93 34
qbs
qci 6 59
ar 48 52 169
ar 33 53 191
qv 16 38
qbs
ap 95 name-24 133
qv 41 2
qv 90 75
ar 2 16 55
mr 74 40 116
mr 13 13 188
qv 65 64
qci 85 13
mr 92 2 86
ar 85 8 146
ap 16 name-57 21
mr 5 55 149
qbs
mr 56 15 122
qts
ar 13 40 4
qci 42 32
qv 34 56
qbs
ap 35 name-52 141
ap 62 name-18 182
qci 1 54
mr 47 61 127
qv 10 59
qci 45 31
qts
ap 22 name-41 30
qci 88 64
mr 89 29 33
qbs
qv 35 89
qci 18 34
qci 49 86
mr 40 15 46
ar 63 87 121
qts
qv 28 4
qci 58 95
qv 99 78
ar 23 65 25
qts
qbs
mr 43 6 148
qbs
mr 20 51 127
qbs
ap 23 name-60 151
qts
qts
ap 17 name-87 50
ar 67 59 154
ap 47 name-11 168
qts
qts
ar 88 28 176
ap 84 name-14 44
qv 48 47
ar 16 39 166
qv 63 58
qts
qv 28 17
ar 70 64 20
mr 37 65 98
qbs
ar 3 98 151
qci 74 39
qci 27 89
ar 73 91 10
mr 90 41 29
ap 64 name-81 199
mr 58 65 -83
mr 42 56 -67
mr 96 97 -87
ap 58 name-67 67
ar 21 57 74
qbs
qv 67 92
ar 48 75 155
qbs
qts
qci 93 28
qci 77 81
ap 67 name-75 39
qci 90 63
qv 99 43
qbs
qts
mr 21 63 -91
ap 80 name-64 13
qbs
mr 9 31 -71
qci 98 10
qv 6 10
qbs
qbs
ap 40 name-9 25
ap 38 name-98 93
qbs
qv 44 47
mr 97 57 149
qci 48 37
qbs
qbs
qts
qv 74 18
qv 27 72
ar 75 76 126
qbs
mr 34 89 27
qts
mr 39 92 -30
ap 51 name-84 130
qci 46 69
mr 8 7 110
ap 2 name-58 141
qts
qv 30 72
ar 5 46 119
qv 42 9
qci 30 81
ar 89 25 177
mr 66 41 -155
qts
ap 16 name-6 120
ar 49 3 18
qci 40 79
qbs
qv 3 59
ap 86 name-36 88
qv 16 75
mr 79 88 22
qci 38 5
mr 95 40 -20
ar 48 84 60
qbs
ap 2 name-27 119
qbs
qts
qts
mr 60 28 59
mr 94 97 197
qv 82 33
qci 20 30
qci 83 6
qts
qts
qv 21 67
qbs
mr 91 33 -82
qv 30 57
mr 1 46 -53
qts
qbs
qbs
ap 76 name-32 78
qbs
qts
qv 90 80
qci 55 46
qci 35 77
mr 29 60 148
qv 70 4
qbs
qv 91 6
mr 92 58 194
qbs
qci 82 10
mr 66 74 120
qci 31 79
ap 39 name-17 186
qv 87 51
qbs
qbs
ar 3 36 67
qv 21 38
ap 58 name-33 55
ar 71 26 45
qci 54 6
qci 72 70
qbs
ar 57 44 140
ar 75 75 61
qts
ar 3 18 177
qts
qts
qci 50 1
ap 17 name-18 135
ap 10 name-56 94
ap 18 name-71 45
ap 41 name-17 144
ap 63 name-48 157
ar 54 18 57
qv 63 45
qbs
qts
ap 50 name-60 70
qts
ap 43 name-87 87
mr 88 74 23
mr 59 9 -190
mr 25 13 -163
qv 49 9
mr 81 36 93
qci 31 84
qv 68 9
ap 61 name-56 154
qts
ap 27 name-55 198
qci 84 46
ap 7 name-87 179
qv 80 98
qv 72 58
qv 45 35
qv 12 61
qbs
ap 58 name-67 182
mr 96 26 135
qbs
qts
qbs
ap 18 name-37 187
qv 3 77
mr 36 88 -1
qbs
ap 72 name-44 135
mr 22 9 -70
ap 5 name-13 133
qbs
ap 90 name-95 75
ar 67 24 44
qv 46 88
qts
mr 25 84 -124
qv 2 83
qv 30 54
qbs
qv 17 46
ap 60 name-70 114
qci 57 34
ar 49 76 194
mr 97 12 -14
qbs
qbs
qts
mr 86 43 2
qci 48 57
qts
ap 27 name-15 188
qbs
qts
mr 86 52 -144
ap 30 name-18 21
qci 87 97
qci 76 85
mr 77 46 -31
qbs
qci 12 57
ap 51 name-71 40
ar 56 80 117
ap 23 name-18 163
mr 37 33 -90
mr 11 2 -85
qci 7 64
mr 19 88 -187
qv 28 30
qci 81 31
mr 80 96 42
ap 56 name-1 138
qts
qci 9 33
qci 37 30
qv 20 79
ar 22 22 154
qbs
mr 34 38 -101
ap 52 name-77 123
qbs
qci 27 84
qv 81 38
qbs
ar 27 9 115
qci 87 74
qv 57 91
qbs
mr 95 34 63
ar 74 27 64
qv 57 17
qts
qv 66 82
qci 25 97
ap 96 name-39 29
ar 28 72 156
ap 63 name-38 66
qbs
qci 81 43
qv 87 21
qci 42 21
qv 35 89
mr 62 9 160
qts
qbs
qbs
ar 78 65 133
mr 11 36 181
qv 26 61
qv 65 66
qbs
qci 53 24
qci 24 7
qts
ar 78 34 129
qts
ap 27 name-99 88
qts
qci 50 91
qci 8 75
qv 25 43
qci 29 98
ar 62 66 149
qv 90 96
qbs
qts
qci 28 59
qv 15 17
ap 12 name-18 127
qts
mr 22 79 130
ap 7 name-26 5
ar 28 68 181
qv 2 58
qv 38 91
qv 62 72
qbs
qts
ap 46 name-88 43
mr 26 31 -76
qv 83 51
qts
ar 14 7 49
mr 35 33 125
qci 8 23
qbs
mr 12 83 -177
qv 21 41
qci 49 50
ar 10 53 68
ap 61 name-96 69
ar 25 70 157
qts
qv 58 89
qts
qci 99 34
qbs
mr 2 31 192
qts
qv 22 75
ap 2 name-15 187
qv 64 82
qbs
ar 38 73 188
ap 43 name-59 7
qbs
ar 91 66 4
qci 42 18
qbs
qci 39 78
qv 92 52
qci 15 25
ar 81 14 93
mr 68 22 31
qbs
qci 36 76
qv 55 28
ar 97 19 37
ar 66 85 114
qci 28 75
qbs
ap 10 name-58 54
ap 17 name-24 47
qv 88 45
mr 47 37 -177
ap 43 name-49 98
mr 29 56 19
ar 84 45 83
qci 25 42
qbs
ar 90 23 103
qci 29 97
mr 61 89 -34
ar 45 45 86
qts
ar 1 62 28
ap 76 name-21 175
ap 37 name-57 63
ap 22 name-36 174
qci 88 9
qci 9 56
qci 29 14
qbs
qv 43 69
qbs
qbs
qbs
mr 49 91 35
qbs
qbs
ar 74 100 78
ap 92 name-4 145
ar 90 32 61
mr 83 12 130
qts
qbs
ar 58 27 127
qts
ar 54 90 99
qts
ar 24 58 159
qv 72 22
qci 20 63
qbs
ap 38 name-22 67
qv 68 59
ar 34 73 50
mr 48 71 114
qci 9 42
ar 58 87 12
ap 64 name-62 1
qci 56 10
mr 27 9 -197
ap 1 name-26 185
ap 76 name-39 112
qci 8 89
ar 83 76 165
qts
ar 4 75 40
ar 5 50 60
ar 68 7 1
qbs
qbs
qci 68 100
ap 92 name-69 123
qv 55 9
qv 81 95
qbs
ap 38 name-8 100
qbs
ap 32 name-62 58
qbs
ap 96 name-40 11
ap 50 name-81 183
qts
qv 93 87
ap 40 name-48 47
ar 33 19 36
mr 99 17 157
qv 97 23
qts
ar 72 53 186
mr 83 83 -198
qci 16 63
ap 81 name-26 61
qbs
mr 14 43 92
qv 88 61
qci 77 18
qci 60 39
qv 74 41
qbs
ap 70 name-91 102
qv 63 38
qv 75 55
ap 24 name-50 78
qci 51 36
qv 52 44
ar 74 67 155
ar 40 94 179
ar 96 59 25
ar 80 97 13
qv 4 96
mr 55 73 4
qbs
ap 66 name-50 122
ar 93 37 118
mr 54 48 121
qv 98 91
qts
qbs
ap 37 name-75 192
qbs
ar 37 19 138
qv 58 31
qci 71 3
qts
qts
qci 53 68
qv 28 83
mr 16 7 -178
mr 40 17 -181
ar 91 40 13
qts
ar 43 6 85
mr 69 80 123
ar 33 83 146
ar 53 60 43
ar 37 40 22
qci 96 20
mr 97 90 47
qv 48 74
mr 15 28 55
qbs
mr 26 39 155
ar 33 77 41
qci 94 69
ap 19 name-98 174
mr 28 81 -155
qts
qv 18 29
qv 90 87
ap 35 name-17 111
qci 80 13
ap 82 name-86 11
ar 39 94 186
mr 84 41 -67
ar 28 91 112
ap 27 name-3 92
ap 51 name-2 63
qci 88 98
qv 54 38
qv 94 22
ar 7 63 162
ap 3 name-17 14
ap 31 name-89 139
ap 45 name-82 5
ap 64 name-24 189
qci 92 6
mr 1 43 163
mr 96 69 128
qts
qci 96 32
ar 53 41 90
qts
ap 41 name-20 195
ar 10 69 14
ar 66 64 198
qts
qbs
qbs
qts
qbs
qci 71 65
ap 62 name-88 69
ap 33 name-45 181
mr 14 98 51
ap 37 name-27 41
qbs
ar 22 7 56
qci 13 22
qts
ap 48 name-14 164
qci 79 90
qts
ar 13 73 53
qts
mr 88 44 -1
qts
qv 53 90
ar 42 14 22
qts
qci 70 3
ar 84 28 113
qbs
ap 61 name-67 6
mr 45 7 -65
mr 83 60 112
ap 31 name-45 67
qci 43 74
mr 43 70 51
qv 9 66
qbs
qv 11 32
ap 9 name-61 42
qbs
ap 82 name-73 85
qbs
qts
ap 54 name-29 102
qv 31 88
ap 87 name-42 91
qts
ap 38 name-37 103
qbs
qts
ar 72 17 150
ap 41 name-95 151
ar 72 95 198
qci 45 90
qbs
ap 42 name-48 10
ap 72 name-15 2
mr 1 99 -196
qv 26 3
ap 65 name-15 146
qci 79 2
qv 95 34
ap 59 name-55 37
qci 46 93
qci 28 30
mr 98 21 -42
qbs
qbs
ap 53 name-5 147
qci 9 91
ar 97 96 118
qv 3 44
qci 23 77
mr 66 68 17
qv 59 48
qbs
qv 76 41
ar 7 95 160
qts
qv 24 96
ap 20 name-47 48
mr 29 100 117
qv 57 77
qv 13 79
qci 40 75
ap 34 name-42 136
ar 22 78 139
mr 19 68 92
ar 30 98 161
qbs
qts
ap 62 name-49 159
qts
ap 4 name-73 103
qci 23 69
qts
ar 94 81 75
qci 53 96
qts
qv 84 52
qci 71 30
qci 41 3
qbs
qts
ar 31 73 38
qv 99 58
qv 37 91
qci 84 66
qci 89 50
qci 20 39
qbs
mr 18 42 184
qts
ar 6 63 121
qci 51 51
qbs
ap 95 name-71 96
qci 33 63
mr 56 88 105
ar 85 17 200
qv 41 41
qts
qbs
qbs
qci 95 78
qbs
qbs
qbs
qv 4 59
qbs
mr 73 71 77
qts
ap 83 name-100 144
ar 68 61 109
qci 15 47
ar 68 19 169
qci 61 91
ar 85 9 10
qbs
qbs
ap 12 name-37 128
ap 41 name-51 19
qts
ar 47 53 182
ap 91 name-23 124
qci 77 57
qbs
qbs
qci 29 65
ar 29 17 15
qbs
mr 6 33 68
ap 62 name-13 98
ar 60 37 20
qv 12 43
qv 70 16
ar 48 75 38
ar 1 89 184
qv 19 74
qts
ap 41 name-75 187
qbs
ap 42 name-20 41
ap 86 name-95 86
qv 28 18
qbs
mr 81 3 -131
qv 59 60
qci 23 7
qbs
ap 26 name-100 168
qts
mr 29 6 199
qts
qci 33 25
mr 91 38 128
ar 37 20 80
qbs
mr 73 67 -86
qts
qbs
qci 70 38
ar 95 79 151
qts
qts
qbs
qci 48 19
qts
mr 19 37 -103
qv 38 59
mr 85 74 -194
ar 48 81 21
ap 89 name-96 12
qv 42 68
qts
mr 57 56 88
qts
mr 39 39 129
mr 91 46 6
qts
qci 46 20
mr 35 28 -171
qci 30 73
mr 84 34 -193
qv 38 30
qci 85 9
ap 11 name-99 183
qbs
qv 5 3
qbs
ar 38 27 199
ap 5 name-13 137
qbs
ar 81 22 128
qts
ar 48 81 80
qci 86 93
qci 21 100
ap 52 name-9 90
ar 32 71 26
qts
qbs
qv 95 30
qv 5 7
qv 32 20
mr 81 47 72
ar 48 67 63
qv 93 68
ar 98 33 7
qci 35 48
ar 51 53 78
ar 19 36 94
qbs
mr 18 11 107
mr 28 21 188
mr 5 89 -128
qv 92 43
qci 56 44
mr 37 46 70
mr 50 29 183
qci 57 38
ap 23 name-37 105
qci 26 55
qci 74 90
qv 97 90
qci 21 65
qbs
qv 5 54
ar 12 20 104
qbs
qbs
qci 71 95
qbs
qv 76 93
mr 60 77 -200
ar 93 36 145
ar 39 76 6
ap 35 name-21 55
qts
qv 80 45
qv 68 14
qbs
ap 95 name-27 132
qv 20 7
ap 77 name-7 75
qbs
ap 100 name-68 74
qci 24 43
qci 94 61
qv 9 89
qci 24 27
ap 24 name-73 62
qts
qci 85 59
qci 48 58
ar 73 25 198
ap 58 name-59 103
ap 7 name-25 166
ar 16 48 36
qci 81 65
qci 99 47
qts
qbs
ap 4 name-60 75
mr 35 75 -90
qbs
mr 30 50 152
qts
ar 73 17 126
qbs
ap 47 name-59 35
qci 85 14
ar 15 26 88
qci 51 33
qci 1 27
ap 98 name-93 179
ar 10 10 131
qbs
ap 87 name-67 142
qv 88 50
qbs
qbs
ap 44 name-13 114
qci 88 7
ap 56 name-82 3
mr 57 80 -42
qbs
qv 74 64
qbs
ar 3 33 62
qts
qts
ap 98 name-75 97
qbs
ar 8 48 196
qbs
qv 98 85
mr 28 39 -150
ar 92 8 86
qv 40 60
qts
mr 47 80 125
qbs
ap 38 name-56 126
qbs
ap 70 name-5 177
qbs
ar 28 28 65
qts
qv 15 52
mr 64 56 -96
qbs
qbs
qts
ar 75 76 136
qbs
qbs
mr 86 85 0
ap 20 name-17 182
ar 31 5 103
qbs
ar 13 54 56
qv 17 78
ap 28 name-65 53
qts
ap 67 name-62 42
qci 55 81
qbs
ar 73 52 105
ar 56 88 188
ap 16 name-37 104
ap 51 name-5 79
qbs
mr 26 6 116
qbs
qci 99 88
ap 25 name-7 193
qts
qts
mr 98 84 138
qci 19 80
qci 73 38
ar 28 21 184
qbs
qts
mr 7 56 141
qbs
qts
ap 66 name-84 155
qci 80 18
ar 61 25 128
qts
mr 96 60 -150
qv 97 1
mr 22 37 112
ar 36 8 133
qci 15 33
mr 38 97 31
mr 90 6 -19
qbs
ar 20 50 149
qbs
ar 90 65 124
qv 96 91
qv 68 57
qv 7 50
qci 71 63
ar 81 34 172
qts
qbs
qci 13 19
qbs
ap 96 name-64 198
qts
qv 95 12
qci 45 4
qv 46 16
qbs
qts
ap 80 name-51 49
qbs
mr 66 87 -183
ar 81 11 143
qts
