1005
1 Sg!6z4%Uhb ^@nAL@Q@@3^50@RD3fv@M@yP
1 8@@Yv@W y@e@Y@Po%?kfXOWtlGag/@^uTVamU@/@k@y@8kK?8@+@6@Bd/uQ$X@/A$D0@B@
1 @nMM0Ne bK5@@^l@LNURo=YUTnQlf@F@vCPRML1xgIa2Q$AZOGaP%@Lc
1 eU=CLz Rg@D0@4@/@FoC@bA
1 40/Ig@z/% 8!8@i@c@m@ggN@ocP@o@q17@pgn@YGlvH@b@8y%@R9c@qE^Ho@
2 8007 5 Sg!6z4%Uhb 8@@Yv@W @nMM0Ne eU=CLz 40/Ig@z/%
1 Bf7^@v^X /o8rG@gfynr@t@d&2@T@?=6y6Ik@q@$@5gL@/@8Bg5u@@KI@5NY@y@y!=o@YUi@@l=7@P@
1 gv?M@ /X7@*@@@!@$@/@Qxp@x@YKZ@G@UaI@Sr
1 /eF0s=s VTOI@@Us4@3@R&@Ry%&%8cX0*@/@1@%@3OO@%@IxG@8Fl@2@Lf@gC1E@Uwa@%Wk@LpZ@$@A@0Cg3qGVQ
2 33411 3 Bf7^@v^X gv?M@ /eF0s=s
1 bq?@@ @Pb3%@x@^@@gi@tLp@@@l@=@h@S@Kp+@7@I@G4+9?P9@d@3@
10
1 zwIA0W p@aVrl*@y@
8 8007
9 8007 @B
10
9 8007 @H
6 8007 TG0@&o
2 55374 1 bq?@@
5 33411 55374
7 8007 6 22
9 33411 @C
9 8007 @W
4 8007 4
1 PzDi@I@erP /$t@1@7@s@R@W@=N/@SyB@O?M@E@3^g@Z@/@8!Q54xZ@I@
1 %bH@8 a@g@$md@@W=%X@M@h@G@X/P@WEX@4@
2 96799 3 zwIA0W PzDi@I@erP %bH@8
1 rxTABu $@O@N@?@A@@@/@
8 96799
10
1 @CoM2U 9@H@w@oq*@pPNiZ@^@Hw@@@@z@5@Gue&K@o@eGm@
3 96799 43720
2 16012 2 rxTABu @CoM2U
7 96799 4 24
3 33411 23592
8 43720
8 33411
7 8007 3 24
3 43720 91611
9 96799 @F
1 z96z@F/rX& 1HL@$gr!8@=@M@r@yFRL6D9@C@ZmRsi@Nw1u^@@@
8 96799
1 O+XmLI$q@ 9@D@i@C@Bt=@+=o@@ZK@f@@@q@Z@PV6kf@M@F@Yi6@e@r@r@9+4a@B^3!8@q4e
2 58684 2 z96z@F/rX& O+XmLI$q@
10
10
5 8007 96799
1 @cIZCk +%G@m@$@T@e@Q@C@gpYo4gY9q@D@E@OE1i7b=LH@v^*@DTL@C@^2V@A@q3I@gIG@!@D@/AG@
9 8007 @F
2 13846 1 @cIZCk
5 8007 91611
1 S^MDsr1tHq d@/4eYa@@7uh8Zs@HeVuZzdzf@8!Om+sw@U@@dPx3@F$@dP@$@Y@@@WV&NS@@ElX9M
5 16012 23592
8 58684
6 33411 +?WE!MwTm
8 13846
7 43720 1 25
4 13846 4
2 92887 1 S^MDsr1tHq
6 16012 muI@IX
5 16012 58684
9 16012 @M
5 8007 16012
10
1 @/?GQ K@&eod@@IKe0HE@cyyHV
5 8007 92887
5 8007 13846
7 43720 15 28
10
7 43720 9 26
10
7 8007 9 13
9 33411 @L
8 33411
4 33411 3
6 33411 XIcc/g
5 8007 43720
3 8007 58495
5 58495 8007
4 58495 3
3 33411 95036
6 33411 !TQMdmL
2 40097 1 @/?GQ
9 58495 @Y
7 40097 5 15
9 58495 @S
9 40097 @Y
4 40097 0
9 95036 @S
3 58495 89030
6 33411 tkn5!E@9
9 58495 @U
9 95036 @K
7 40097 14 13
8 33411
8 95036
9 58495 @Z
5 58495 95036
5 58495 33411
6 40097 c0$A%Gmz
4 58495 4
3 89030 28821
9 58495 @M
3 40097 92999
3 58495 33579
9 92999 @C
6 28821 @b@E*aR!
1 0w@7YnI13 4@E@@@TV!x@F9311t@@@G4v@5@z@c@6@@wD9@a
3 33579 200
9 40097 @Q
4 92999 2
6 28821 d@WG46@O
9 40097 @P
4 89030 5
10
2 53770 1 0w@7YnI13
7 53770 11 15
8 33579
3 40097 57679
7 33579 2 17
1 Hgb1RyaYZ 9$2X2WU%@@K16Zs@@DPd/x/+m@&@^s+@Y@K@s@GBW@w@@+y@He?2
5 40097 57679
3 58495 62906
2 3976 1 Hgb1RyaYZ
5 28821 3976
5 40097 53770
4 58495 1
10
5 200 58495
4 200 4
5 40097 62906
7 92999 1 13
6 28821 N?5zbK
4 200 1
4 40097 3
6 28821 x%n!O@EG@
9 89030 @D
5 28821 200
3 89030 31113
10
9 33579 @D
1 DizcrlPQp @a&@G&l@!@U@q@MfY@w@Sme&k@N@GZA*PdF@N@G@
2 25363 1 DizcrlPQp
7 25363 1 12
10
9 33579 @X
3 40097 48280
9 31113 @Q
8 92999
5 28821 92999
7 31113 6 12
10
5 40097 33579
3 40097 11627
3 25363 51200
5 48280 89030
6 51200 uzr5AZ
8 11627
5 40097 51200
9 40097 @Q
8 48280
9 28821 @O
5 11627 25363
6 48280 vmYuVz
7 40097 5 30
10
8 40097
4 48280 4
3 31113 10242
4 11627 0
1 V*@O=s% z@P@@@s@!@S@lNM@Cxg/z@uRA@vea42@4@CAqM@y0@Lf4@yyh@h@cpgiH@^2H@c@@@HyY33p
8 31113
10
9 31113 @L
1 r6*Gi+S K@E@0@Xw8f@@z@S@x+a^&sd@d@H@V@%T*/3i09xs@@epEQ&@r@@@s@$@*N5@6@N%qvh4NzW@NIW9
9 28821 @B
1 RYGguUDa@E EE=@T@+@G@mAFL@g1VQK+Fi@a@o@K@L2P4M@6@$/Fgl@D@Km9WbgdkP@&@
5 31113 40097
10
1 CYA+KBeV@ Q@L@BfIfU@5dXI!rv*XM@Gvup@H@//B3f@T@YovlT@A@awMZS@6N
1 va9f&M a@YDI@w@3@@IC8a@Sp
9 11627 @I
6 28821 8^E68B$qDc
6 48280 eWoo7CN6
5 10242 28821
2 92369 5 V*@O=s% r6*Gi+S RYGguUDa@E CYA+KBeV@ va9f&M
9 31113 @N
4 92369 0
8 10242
8 11627
9 31113 @M
5 31113 10242
5 31113 48280
10
5 31113 11627
7 31113 1 10
8 92369
5 31113 92369
1 *@Gv=1GBO a@V@%@XH2@&@t@V1?gp@g@@@!16@?5iRC6!@
6 31113 F@VY2B
4 31113 3
9 31113 @I
10
1 b@odVT9k$ z6pK@Ub8e@@@
10
10
6 31113 p8pF9K?X
10
4 31113 5
8 31113
8 31113
10
8 31113
9 31113 @W
4 31113 4
8 31113
10
2 90391 2 *@Gv=1GBO b@odVT9k$
8 90391
6 31113 FNTKpZ%^
10
9 31113 @E
1 D=cX^TP B@%@@@r@fM+@7@M@?@7@
6 90391 cM@qhOn
7 90391 7 30
10
10
4 31113 3
10
3 90391 46345
9 46345 @L
3 31113 26369
8 31113
10
3 26369 68017
1 Khv^Kx/LU VGl@?*eND@ay@@MgH@$@^nm@o4/@z@=@&@S@/w?@4?L@@U@@@@F@crGz5iP1TZy@0H@@@Tf@7p
6 31113 4o9@R
4 46345 1
6 68017 0yWL0*fUy@
9 68017 @P
5 26369 68017
9 46345 @E
2 79818 2 D=cX^TP Khv^Kx/LU
1 2gA2@QP 2@Bbp@S@0NK@c@hLb$g@@Dy@XUxRN@d@
2 79886 1 2gA2@QP
6 79818 BqucLZ@on
5 46345 31113
3 46345 89435
9 79886 @E
10
1 4G$!V8F XlW@M@!IYTbR@yi@L@@@L/AZ?@m450
6 46345 R@x/9
7 89435 15 29
4 26369 0
3 79886 25475
2 44677 1 4G$!V8F
7 79886 1 18
7 26369 4 23
7 25475 6 28
10
6 25475 ?a7O4TIlQ
4 79818 3
4 79818 0
3 26369 55393
8 26369
9 25475 @Q
9 26369 @G
4 25475 0
8 79886
9 89435 @A
6 79886 !wDlnO
3 89435 54698
1 Ts?1H49*z QT6@ZI0rT@?wGFTiH9g@a@Xof@3@on5h4@4=w@
9 55393 @O
4 90391 2
3 90391 52501
7 55393 4 23
6 90391 Rrf$IFpgd
8 25475
10
3 79818 62026
3 26369 96447
1 xbV$GTrMA V5L@Vhf@gOi&2yD@$cg@@@/L8@%!^6!xIq
3 25475 16107
6 52501 *HFc9&W5
8 90391
4 90391 5
1 9aFS+KMS@@ I@gZ@*K@/@6Yc/LbU=i@TxQ@R@YSIS5V8WmpcDe@Ak*bS@G@c@vdN@d@R@2@f@U@mFg@hC5y7@1V
7 90391 14 25
8 55393
5 16107 79886
1 %PDhCu@@ CAd@X^*k&tM@=@R@
3 89435 75683
4 44677 3
9 90391 @S
6 96447 u%@@*rTU^
7 89435 1 25
6 62026 Tz@GL
10
2 80949 4 Ts?1H49*z xbV$GTrMA 9aFS+KMS@@ %PDhCu@@
6 75683 Gr5Vpe5gCA
9 26369 @U
4 79818 5
8 52501
4 52501 4
7 25475 3 27
8 16107
8 16107
10
4 52501 5
10
7 89435 8 17
4 55393 1
8 89435
4 90391 5
8 89435
8 44677
5 80949 75683
6 26369 UAxPAkHdK@
7 16107 3 27
5 46345 16107
10
5 46345 79818
6 26369 2d!BVghgG@
7 96447 6 13
10
3 96447 12598
10
8 89435
7 44677 11 12
1 uqL23 I1V@z@0@a@+7L@4@23D@oaqs@Vo@B@b@V@YuULh@U&8+RDu@d@z@1@?u2@
7 90391 11 24
5 52501 89435
3 62026 32953
2 96919 1 uqL23
5 80949 62026
1 CEk5D i$E@B1q@^Sg@1@kKo@7@wnE@4@ON?VF@&@k@g@@cE@@F22
9 54698 @C
7 96447 14 24
4 55393 4
1 +&T4VxsUc@ 2@Av@@uwh@=@C@B@eG*@A@h*8@KC3@9=G@9@&@=gw@N@$53U
1 aYrp1aNu3 G8C@R@R91wU@+@=kQGK@G@8@DX@@unW@n=z@7@@lEL^@dU&@eRVud=q@6L0@h2=WBVc@
4 96447 4
5 12598 55393
10
5 90391 52501
2 33233 3 CEk5D +&T4VxsUc@ aYrp1aNu3
3 26369 32066
10
8 80949
7 46345 5 16
3 33233 17540
10
4 32066 3
6 54698 6O9yx4g?
1 @UN@EVK @r0@s@M@/@/N@@o=7k@Md@k@!&@@6/wH=@V@@@@@p@+/D@E!b@3@AUi@xHt@G@t@
3 46345 73586
6 80949 Fdg!ylrSx
4 17540 4
5 25475 17540
10
8 90391
5 90391 46345
2 71697 1 @UN@EVK
7 33233 1 21
6 73586 u8L@2cw2fG
7 90391 15 29
1 la@wsM8W$g yiS@B@T9Y@hu37U@nDG@FU&3$@6@NkpC&KqK@@gT!C@@hYE@x9d?G?i8k@rQw@2@Qqf@NOcL$@L@
9 32953 @F
5 32066 33233
2 96809 1 la@wsM8W$g
7 80949 6 23
6 80949 n8T@b
8 32953
8 25475
1 1$BV/+VB33 @AvQPZ$@WxTpSzg@g@eGl@B@0bU@U0&bu@O@6@n=q@zAV4mfQ@9P
3 80949 50158
3 32953 30170
5 30170 90391
9 50158 @N
5 50158 32066
8 54698
3 44677 95441
3 96919 31961
5 50158 44677
2 31949 1 1$BV/+VB33
3 73586 33883
10
7 31949 8 23
3 96447 48858
1 O80ke/ C@I@F@3@q@WEq08x1@$5+!p@xpG@*@@@G@EBfn2@u5Q@^@@@H@C3
3 96919 56937
6 32953 IBqB/$R
1 /p06N!gh^ M@$gyrgzc*@@G@@Gv@e@MBV@p@t@@@x@li!64@@76n
2 71365 2 O80ke/ /p06N!gh^
7 80949 5 17
3 31949 93306
4 96809 5
9 32953 @Z
9 54698 @U
1 dpwUP 1GQTn@Tyb@Z@H@X@OQM4RA3@A@H7DGI@I@+@E@?9*ku@g*/yY/5VU*&@
5 54698 96919
6 80949 5@EKn5Y2
8 33883
3 32953 50809
2 93877 1 dpwUP
1 oYscY? Nx@zt@xF$uk@F@4w@@F@BNTA/@K@QlqnNWp@S@@@5@@ZYUn6D^P@tV@67Ke=l@hoP@+Rs@
2 15781 1 oYscY?
7 30170 9 16
9 31949 @U
3 25475 86525
3 71365 88211
6 50158 5*@LhOFx
3 56937 51263
10
4 96809 4
1 eg0@%bC ^@=@z@v@r5*6cSB@=@=gCWZ@A@tQ@mE@@*B@w4T@gVS@hS@@X@
6 96809 ZIbcNYUY*h
4 73586 3
10
8 31961
6 51263 @NlG*ytKP%
5 96809 71697
4 31949 5
5 50158 93306
5 15781 26369
4 51263 1
7 25475 2 29
2 91538 1 eg0@%bC
7 54698 14 28
6 54698 bqE@43MB
7 95441 3 25
10
7 32953 1 16
8 54698
4 91538 2
7 51263 3 11
7 80949 3 28
8 31949
6 56937 /er9K
4 54698 0
10
5 31949 32953
5 96809 54698
4 91538 1
1 @Ws5n/P7y7 3@c^b@g@d@BL4@g@3@@kg@X@O@F@/BV@@@
3 31949 43478
6 31949 l^pQo
9 43478 @V
7 93877 11 21
3 96809 88255
4 93877 5
1 GBM*=5F 4@@@R@s@pfcK@@X@6q^NN@4Ho7p@s@7gu@cOI@^9x2E@P@^9&gHQ@8/N@@gh5@
9 88211 @U
8 51263
6 80949 YCPi95
10
6 93877 Bs%bOM6i
10
3 50809 24098
10
6 31961 @p8DBu%dh
7 71365 12 28
8 71365
7 31949 10 13
9 50809 @D
6 15781 De2m3g036e
8 56937
10
2 9190 2 @Ws5n/P7y7 GBM*=5F
9 50809 @S
4 30170 2
9 12598 @X
9 24098 @P
4 25475 5
6 86525 %96@u
4 96809 2
10
1 pz@*MK^$R RzBo&8zao@G@8@5@xGv@M@uz27c@G@
7 50809 4 30
2 55593 1 pz@*MK^$R
10
9 12598 @P
6 48858 @Dt9Vb
4 43478 3
10
1 mZk?I4on x@@gskn@Rwc/PQH@Y@y%@O+Z@zyE%@k@b@arEassGYSd
2 52746 1 mZk?I4on
9 51263 @F
8 12598
5 31961 95441
5 56937 31949
3 55593 85240
5 80949 93877
4 55593 1
8 43478
8 24098
9 9190 @V
9 48858 @A
3 51263 91834
9 43478 @O
1 P%GqOr h@@A=@G@k@@@ZSSt*@3GT@
5 9190 55593
10
4 48858 3
7 80949 2 23
8 85240
2 7728 1 P%GqOr
9 48858 @P
7 50158 4 15
8 25475
9 96809 @W
10
4 48858 5
7 88211 11 16
7 43478 8 15
5 24098 71365
3 33883 20402
5 15781 33883
5 96447 12598
9 96447 @G
7 25475 0 23
1 XvT@=%ZA 0@I@F@N@^@U4w@@@i!IoH@@$Z@
8 25475
7 30170 13 27
3 88211 81900
5 81900 31961
2 14622 1 XvT@=%ZA
5 25475 43478
3 25475 66873
1 Gag8I@T8 0IO4A@S@h@W^Q4z%@UF@K@G@N@n@q&WZ^@A@X@IHX@Sx5@w@gs$@9@b@
4 15781 3
6 91834 f@c1&
5 81900 96447
4 88211 0
6 24098 0FxY7
10
6 7728 CRGr%q
8 88211
8 7728
1 $M=h1! zfk@Z*S@f@4@6PNKC@@@tAO3L0*CI0O@I@mhv@QyR=I@6tx@g@/@KqB+g5IO
2 46213 2 Gag8I@T8 $M=h1!
3 50809 53877
10
10
6 9190 YOR@sgogzT
3 50158 50892
6 30170 I!gYWB
6 50892 ig6ANm8i
7 73586 10 11
10
9 73586 @O
10
10
8 48858
9 88255 @E
5 86525 56937
8 20402
4 86525 5
4 73586 2
10
3 81900 64608
10
3 53877 84529
4 88255 1
4 14622 5
6 20402 XMA@Cr@H
6 91538 C&9+f^=U
5 14622 50892
1 $z@x2IY*LQ TPeHd@z@c@8YP@I@x@qc
1 RD^gIqv*qF $9zKV@C@2@G@7@Ia@Yq@6@d@XrAe%@Y@K@4@p@Qcq@+@@@9vp@0@e@i@
6 50158 8M3egd
8 91834
6 84529 ?caYa
4 50809 0
8 52746
10
8 52746
7 50158 13 11
2 42470 2 $z@x2IY*LQ RD^gIqv*qF
10
5 14622 81900
3 84529 51624
1 u3XcGX@ @@g@&4ADu@R@!@y@d@M@M@Ti
3 48858 79860
10
4 86525 2
8 91538
7 42470 3 21
5 51624 53877
8 15781
5 25475 73586
4 88255 0
10
1 @7^@x*7G K@t@w@3Ty@*@g0x@6gCbqDM@a2d@3@u@Ev2@b4V@0cl@qGM@q?&yFUaHwy
7 9190 2 29
1 **@Ea d2g@Udm@C@C@@@ry&@e^b@yd!@xk5?@@g6@@9S1@i@7B*@v@=@sHg@e@6B@@1@S@rKp@a@@@l@gBC@
9 9190 @F
1 @GqNttHY @@^@x@Qs6@n@b@K@
9 88255 @H
9 52746 @L
5 50158 25475
10
10
3 66873 68289
8 80949
2 83580 4 u3XcGX@ @7^@x*7G **@Ea @GqNttHY
3 86525 22373
10
4 80949 5
7 80949 13 12
3 30170 5874
1 o?2eSUf O@NK^@w@HrkA1$N@L@p6xPx@K@9@z%r^K@F@t@3@xT6@SwR@P@4$CYXIo@rq!@S@f@!@qn0@kz3/E@3@
2 25722 1 o?2eSUf
4 91834 5
9 52746 @J
9 83580 @N
10
1 2+0nIG4G I@q@tQWf5@o@vQRKdMYRu$Zw&@N@2@yvz@P@4wl@v&&@8@h@ay@@
4 91538 5
1 zK@h!Nunf y@9OAu3@q@5CaSX@m@%@@@BzG@G@=LC@X@4&4Dk@v@4!w@@E@@
2 81793 2 2+0nIG4G zK@h!Nunf
7 52746 7 15
5 96809 30170
7 80949 0 20
5 66873 85240
5 50809 79860
9 80949 @B
5 51263 20402
7 88211 14 19
1 p6Rn@% 34dY@@b@oKQ@s@$et@lS9@@G8U@@OT
1 OPW@Yq6@ ^@=@V@WF9@R3U@h@!Z!9n@@@h@BxO@fAP5C@i@Z+2e
2 97118 2 p6Rn@% OPW@Yq6@
1 d&BLM0=?p@ QmK^NcI@Zu
10
4 50809 5
3 50158 70279
3 88255 10587
5 70279 66873
3 50158 92562
1 ^v=7I yRgaaZ7@vADVVTQ@H4e@2@AhlmyN@@N@T@fAO@B@lPg@
8 42470
5 88255 5874
7 22373 11 13
2 19422 1 d&BLM0=?p@
9 50158 @R
7 81793 0 20
10
7 64608 4 22
4 19422 3
6 70279 6wR29
10
3 22373 59897
5 46213 86525
8 51263
5 9190 91538
9 92562 @Z
5 81793 97118
6 80949 B@26VfE
5 64608 70279
8 19422
1 NcTeZNma?1 9@w@m@9NM7x@8@c2newSO+5B2@6Zb6m@v@V@LOnh5@C@E@Zph@y@?Ap@0@9xWOZ@T4
1 =T!GQ@/w Yg&@xGi!@@L0x@TgN@&$q@Xai@3@%X$@3@b@6@=w/@@@UbM@o@h@X@Cm!6N@U@@@mH/?l@@Z+G?@S@
5 42470 25722
1 z%B8Y N&E@UZ&@?a$f@qf@1@5+=@lL/@
5 7728 88211
10
6 81793 mQz7kD
3 24098 40871
7 48858 4 14
10
9 68289 @H
3 40871 82481
10
9 82481 @P
2 51627 4 ^v=7I NcTeZNma?1 =T!GQ@/w z%B8Y
6 80949 6nrmf+@
6 68289 D@LXu%
8 68289
4 92562 4
4 51627 3
5 46213 19422
9 50158 @R
6 96809 VM@*lK4
9 59897 @R
9 42470 @O
10
4 50809 5
4 83580 4
3 22373 83687
4 52746 1
10
1 aghB0 x@g@py@@4@g@Qi7/C@i@&@n@*B=@e@m@o@?oQ&f2$@@fF@@S&@%t?@u@gyFgs@kFGsBG
4 52746 5
5 15781 64608
1 @K4VoVm 7c6dBLl@X@PZ9@@@GYX?c@7@p1G$n*Qm
9 50809 @M
8 92562
8 92562
7 83687 11 23
10
8 40871
3 14622 42676
5 83687 40871
3 51624 31549
4 83580 2
6 81793 IOm^@ZKC
8 88255
4 50809 3
4 24098 2
8 81793
9 52746 @T
6 31549 l@8gAN
4 14622 5
8 50158
3 51624 7137
4 42676 0
1 cz@RE+ 8@z@H@i@tZy@G3@@f@1@H&0*4rd6
2 92740 3 aghB0 @K4VoVm cz@RE+
5 15781 88255
4 50809 3
5 15781 80949
1 v/$Qk G@I@LXf@r6*W&@%@Gqr@E0!=l4D@/@r@M%bY@%g@0@5h@@H@+@F@v9
3 50809 15016
5 14622 51627
2 7575 1 v/$Qk
8 51624
5 7137 10587
10
5 52746 83580
8 50158
8 83687
5 51624 42676
6 96809 Vk@S9
10
10
4 22373 4
8 59897
10
10
3 31549 65778
8 42470
10
5 68289 15016
8 7728
6 7137 lq/x0zqzR
8 48858
6 42470 9R6g33
8 81793
10
4 48858 3
1 EEcP@&eU B@=@&LL@b@$@2/7AnczZ4!Pg5@+2kTMWg@2RS@G@k@g1w@w@1@/@o@/@a@@z@@Q@9z^d&bF@
5 50158 59897
7 51624 0 27
7 7137 14 24
9 15781 @M
1 P@V^6YEZe N@B@4@/@110@ign@D@!@r@?yU@IMM@@X@@l@v@7@x@6cu@h7@4r@4@P@c@NOaRN@&@p1Vu9@+@
3 31549 31140
3 22373 89037
7 9190 8 11
1 X+8O25Ktmc &gH@@@UVC@2@U3Cn@UtNFU+@G@U@@@%@+U7@TA&9tQT@G@2@I@8uy@X@k@7X@ILdo@e$DZY=Bc
5 46213 50158
8 82481
5 84529 51624
4 31140 4
9 42470 @H
4 82481 2
1 +G4BB?!x8 /@uxA@t@8@1Y$@k@@@ig1@X=@0k@=61ud%/@x@EgA@7%&E8sS@e@0@
2 20316 4 EEcP@&eU P@V^6YEZe X+8O25Ktmc +G4BB?!x8
8 42470
8 31549
9 89037 @A
7 20316 2 11
6 48858 @r!@Q
8 82481
1 d791n@ bGX@g@C@7Mg5dfZYDqI?T@c@N@X@/ZI@gBF@@Wq=5@A@Ii@@@@@@+7w@=N8Tc+I@
4 50809 2
2 74825 1 d791n@
9 31140 @L
10
10
4 7137 3
4 91834 1
1 UaHQMvqLc s^@@v@u@=@n@DRO@K@%xE@^@m@PO?@C@l@@@L@G@
6 84529 2NOq2WS@!
7 31140 1 17
2 6848 1 UaHQMvqLc
10
4 68289 0
3 68289 34067
10
6 92740 +P5qv
1 @xfAt w@XYo@k@NB5@r$P511=@leP@V@m@O@U@gE4@@@f@@@z@f@3GbI4@l@=@%@@@
8 7575
3 84529 58327
5 15781 84529
4 42470 2
8 89037
3 15781 71816
1 +gxhs@Kr7 $@Ruk0r@xd*3i@K@0LT&4@$Ma@N@$^CKW@=@+@Q@Y@%e=cq@bF5!0g3hN@^@N@?@r2o%8@i*
4 20316 4
7 50809 12 16
6 58327 2LxBg@a
10
2 21084 2 @xfAt +gxhs@Kr7
5 52746 51263
7 7728 0 17
8 46213
8 42470
5 83687 34067
5 58327 83687
4 7728 5
6 48858 SS1?6xBNb
10
10
7 22373 2 29
3 50809 29272
9 14622 @A
5 74825 14622
9 20316 @N
4 9190 4
8 7728
9 6848 @J
6 46213 ?mu@@xxk@
9 52746 @E
4 71816 0
10
1 9@B$@ @@EA@@H@+@4De@A6
5 7575 91834
4 46213 2
1 dgCGL h@z@Z@P%@@2a*@
10
9 7575 @W
1 4c@VgPz@tk 3Gu@mG@@37Fe3@R@6@9AUTk@!wK7b^W@RBE+!4Y@%@g@D@%eQ@
8 20316
2 42131 3 9@B$@ dgCGL 4c@VgPz@tk
10
5 42131 21084
4 6848 0
1 i3vAgzN@3 NG=@w@A@^@T@k@@@E+t@
1 zwG?Zl9k b@m@N@s@=@
8 89037
5 7137 7575
6 89037 dLaFQK
3 6848 60012
6 24098 D*Y9*8ZDM/
6 24098 6!TNs!Ms
7 48858 9 21
7 92562 15 17
1 0gOK@2fCC lGg@7@wUr@l@TGI@b&f@@@G@@G6@u@i@p7=@fy!@b@vHQ@C!I@GVUO4@5g?@x0C@X1KT6q
5 9190 31140
7 7728 14 14
6 71816 b&m59Ufp
6 29272 EETFQd
7 71816 9 29
4 7728 3
7 42470 11 29
10
2 44293 3 i3vAgzN@3 zwG?Zl9k 0gOK@2fCC
4 58327 0
5 58327 68289
5 22373 44293
6 60012 +@BVi
10
6 89037 x3x^&@@8R
7 82481 2 22
5 24098 7137
10
9 81793 @A
6 58327 9t3M/pd@D
6 92740 NdeQW
9 92562 @O
6 58327 @$@3aV/Z
10
6 92740 6R@!7/!
8 42470
7 9190 7 18
7 15781 10 17
4 42470 1
7 22373 13 28
1 vU7U9 D@z@1@Vg!@D8*!?@
5 42470 46213
6 96809 Sf0^H
3 71816 67060
7 22373 5 19
2 73066 1 vU7U9
6 58327 R1kEWt8P%
9 65778 @I
5 48858 6848
9 89037 @G
6 9190 o!W1OqbB
4 7728 0
7 60012 3 13
6 92562 7DP1w4S
3 29272 97975
5 9190 71816
10
8 31549
7 92562 6 13
9 9190 @C
5 89037 7728
6 15781 G9qeW3u6d
7 73066 3 11
8 89037
1 cHsTrr 0nLhs@F6@ST@a@7&q@SQ0I@KdTP@
8 96809
2 96632 1 cHsTrr
5 42470 9190
10
5 65778 24098
3 50809 24474
1 0i1e3YE kg%@?@x@MO@Byg!%F@F@n@CygWbK%@H@51rCu@2@Bif^Toa@%@^d2@@@6@o@Q@c@+GRz
3 50809 61069
8 61069
5 29272 67060
5 50809 96632
6 89037 !B&@Pt%
2 55563 1 0i1e3YE
9 82481 @C
1 +V+ixLDLS X@W@GTL@H@VGYi/Q3p9K0@T@o@MA7@H@3@M1N26^N@v@@z62c@EeB@&@ia
2 30592 1 +V+ixLDLS
8 48858
5 42470 50809
7 29272 8 22
6 15781 F7GVqI=/7G
3 22373 38647
9 96809 @S
1 VcfOO u@ON9@t@e@6@sE=@V@HV$@a!$@2@=v4@s@qCb@@r0@4UHS/@9@wco@71$IM@0a0@fSdZg@XdW@0nE@r@
9 48858 @H
1 sN8@S&/Am V@gTl@q@9@PE4@@P@hX50@u@iP@@P93@G@KyL@9yb@z@*sv@FRE@P@lF
8 65778
9 38647 @Z
4 38647 4
9 81793 @N
3 22373 52098
10
2 51794 2 VcfOO sN8@S&/Am
4 92740 3
4 55563 5
4 60012 4
8 38647
10
6 51794 Pru2i
6 22373 Gg5m+gIe@b
6 20316 nA7lDB
7 97975 8 29
1 3e*S@Kn@n F@@nFy@@4@c@
10
4 29272 5
10
1 KUbUY@ w/Q@CV@9^SnyYTN!ITcRm@tarQ@V@@iHY@@x@@sFC@0@K@i@KM=I@@M@/@t@yEm@myt@SmU@i@G@@=q!
10
6 55563 W%/z3OzMf
3 55563 12479
3 22373 63520
9 48858 @J
5 15781 89037
2 69210 2 3e*S@Kn@n KUbUY@
10
3 81793 4135
10
6 51794 aTgSO
8 69210
7 51794 12 15
7 4135 5 14
1 TbDZ/%s d@rWG2@PC@D@X@+tA2L@$@H@a0r@@*c@T3zfS@W@$@!@NbEU5@deF@q@g@lg&@@@m@zhL@/U7@k@r@
10
10
3 30592 25316
9 42470 @F
1 dDHel? C@Fo*in@6@t%F@qG6@ieX@q@o@H9P@CG!@4@@@GD5Q4&e@+@l@A@^eDv1x
2 53096 2 TbDZ/%s dDHel?
1 @gI@QC@GVc g@o@&xh@8$8@o@A@8rl@%@%@8@u@T@s@c@I@c@g@y@@@DyK8g@da0@E3&yx@Wgk+
9 52098 @G
10
3 24474 38526
8 22373
10
6 4135 zhwx=PGy@
7 29272 12 30
4 38647 4
5 92740 53096
7 20316 1 30
5 65778 73066
5 25316 97975
8 42470
1 DncuXz dR/@uXT@L@hpq6qrp@B@21$@9z$R@@6@FMS@@Z=kiWo@PXgq
2 56031 2 @gI@QC@GVc DncuXz
10
6 30592 g8L!/rmP!V
3 38647 21190
9 65778 @I
9 31549 @Y
6 82481 g$?+cg5
9 52746 @W
4 92562 0
10
6 42131 Sr@mz!^
9 51794 @Z
9 38647 @W
8 92562
1 vAKnBGa1G@ R@p@dkB2k@x@!Prgqi67/@x@t6T0&@@@o@VHG@?ifE$@Cw@@z@x@b@k$Xz9@g@f!Ggc@gIV6M@yP
3 74825 33275
7 42131 6 21
7 33275 0 13
