10 1
8 5
9 1
10 2
9 0
9 0
9 0
8 3
10 1
8 3
8 4
9 0
8 3
10 0
10 0
9 0
8 2
8 1
9 2
10 0
10 1
10 1
9 1
8 4
9 0
9 0
9 0
9 2
9 0
9 2
8 4
8 4
9 0
9 0
9 0
9 0
9 0
10 1
8 8
10 0
9 0
10 0
9 0
10 0
9 0
9 0
8 0
10 0
8 12
9 3
8 8
9 1
10 0
8 13
8 0
10 1
9 0
9 0
10 3
9 4
9 0
8 10
8 13
9 0
10 0
8 5
9 1
10 1
10 2
10 2
10 2
8 13
8 13
10 2
8 13
9 0
8 13
10 2
8 2
10 0
9 1
10 1
10 1
10 1
9 0
8 13
10 1
9 1
9 0
9 0
10 0
10 0
8 21
9 0
9 4
8 1
9 0
9 0
8 1
10 1
8 2
8 21
9 0
10 4
9 0
8 2
8 2
8 2
10 0
10 0
8 10
8 10
8 1
10 0
10 0
10 0
8 10
9 1
10 3
10 0
8 14
10 0
10 1
8 8
9 1
8 2
8 4
9 0
8 10
10 0
9 0
9 0
8 14
9 0
10 0
10 1
8 1
10 0
8 11
8 0
10 0
9 0
9 0
8 1
10 2
10 2
10 2
8 2
9 0
8 1
10 2
9 1
9 0
9 0
10 0
10 0
9 0
10 0
9 0
8 21
8 1
8 2
9 0
9 0
9 0
10 1
8 1
9 0
8 3
9 0
10 0
9 0
8 3
10 1
8 2
8 1
10 0
10 0
10 0
9 0
10 0
10 0
8 0
9 1
8 14
10 0
10 0
8 1
8 1
10 2
8 1
10 0
10 1
8 1
8 17
10 1
9 1
9 0
9 0
10 4
10 4
8 14
10 0
9 0
9 0
10 0
9 0
10 1
8 2
9 1
10 1
10 1
8 15
9 0
8 0
10 4
10 4
9 0
10 4
9 0
8 4
9 1
9 0
9 0
10 0
10 0
9 1
8 3
8 3
10 2
8 4
8 4
8 4
9 0
8 30
8 4
10 0
8 30
8 8
10 0
10 0
8 4
10 0
10 0
8 3
10 0
8 3
8 0
8 4
10 0
9 4
8 4
9 1
8 3
8 4
9 0
8 3
9 0
10 0
10 0
10 0
10 0
8 1
8 0
10 2
8 33
8 3
10 0
10 0
9 1
9 0
8 1
9 0
9 1
10 0
10 2
9 0
8 1
10 0
8 0
10 3
10 0
10 0
9 0
9 0
10 0
8 3
9 0
9 0
10 0
8 4
9 3
8 0
8 4
10 0
8 1
9 0
8 1
9 4
9 0
8 8
9 0
9 0
10 2
8 1
10 0
10 1
10 1
10 2
9 0
10 0
10 0
8 2
10 1
10 1
9 4
9 1
10 1
8 3
10 1
8 110
10 0
9 1
9 0
9 0
10 0
9 0
9 0
8 3
