1202
1 782357 tX*L3e?u
1 811470 HNB0YF$UE
2 782357 965896 *72pu 100
1 772363 VqpmFVhz
2 772363 762698 *72pu 92
1 167038 fAXOBG
7 167038 731369 q7ybglME5 3
4 772363 390413 4La=EiP989 2
7 811470 522724 N/w=l97 5
3 772363 762698
4 772363 162655 5O/Q*dm 4
1 696364 yG2=Cu
7 772363 36683 bgF^ASQplh11 4
4 772363 681282 eeLhlBuggC 3
7 167038 393485 R8eOh13 3
3 782357 965896
4 782357 846363 5O/Q*dm 0
9 772363 162655
1 885323 WSt/Q=s+^
4 811470 10772 4La=EiP989 2
8 167038 393485
2 696364 301892 7c*1IZ 43
9 782357 846363
7 811470 248272 ZcG=uA22 3
4 782357 301513 ?lpBf 2
2 696364 725954 t3=g8IK 55
9 811470 10772
7 782357 522943 Ymr1+g+W26 3
2 696364 955633 t3=g8IK 52
9 811470 10772
4 885323 265879 eeLhlBuggC 3
7 811470 959888 V&70tb30 5
10 696364 955633
2 167038 464359 7c*1IZ 16
2 885323 803689 wk&*zM& 29
13 167038 q7ybglME5
5 782357 301513
11 811470 522724
6 885323 265879
4 782357 835331 5O/Q*dm 5
4 782357 763494 ?lpBf 4
9 811470 10772
7 885323 733243 xq$T4g41 3
9 782357 835331
2 772363 527650 7c*1IZ 49
2 772363 265341 t3=g8IK 73
5 811470 10772
10 696364 955633
4 696364 985998 5O/Q*dm 0
10 696364 725954
2 772363 595806 *72pu 64
9 885323 265879
2 167038 150349 t3=g8IK 91
10 167038 150349
3 772363 527650
9 772363 162655
2 772363 573407 *72pu 33
2 782357 980301 *72pu 11
4 167038 402938 5O/Q*dm 5
8 772363 36683
2 772363 517899 *72pu 88
13 782357 Ymr1+g+W26
2 782357 400265 7c*1IZ 76
12 167038 t3=g8IK
9 885323 265879
5 167038 402938
2 696364 575797 *72pu 33
13 167038 q7ybglME5
10 885323 803689
3 885323 803689
12 782357 *72pu
9 782357 846363
10 782357 980301
4 772363 260433 4La=EiP989 0
9 696364 985998
4 696364 167834 ?lpBf 1
12 167038 7c*1IZ
2 696364 959819 wk&*zM& 11
9 772363 162655
9 772363 681282
4 696364 34185 eeLhlBuggC 0
8 811470 522724
4 167038 394137 4La=EiP989 0
4 811470 904582 ?lpBf 2
12 772363 t3=g8IK
10 772363 595806
9 782357 763494
2 782357 658692 7c*1IZ 67
7 772363 216729 ^TDoBLXZ87 3
5 811470 904582
11 885323 733243
4 782357 890852 ?lpBf 4
8 811470 959888
9 696364 34185
13 885323 xq$T4g41
3 167038 464359
9 696364 167834
9 696364 985998
9 782357 835331
12 772363 t3=g8IK
6 167038 394137
5 167038 394137
7 885323 828594 &!XlTGd101 3
6 696364 985998
13 772363 ^TDoBLXZ87
3 696364 725954
5 885323 265879
2 696364 605225 *72pu 31
6 696364 985998
4 811470 271229 ?lpBf 1
2 782357 702060 7c*1IZ 28
3 782357 658692
2 696364 916472 wk&*zM& 14
10 782357 702060
10 772363 265341
9 696364 34185
9 772363 390413
2 696364 39421 t3=g8IK 94
9 782357 835331
4 696364 118626 ?lpBf 0
12 782357 *72pu
10 782357 702060
11 811470 248272
2 696364 141436 *72pu 74
13 782357 Ymr1+g+W26
4 885323 550092 5O/Q*dm 1
5 696364 167834
9 811470 271229
13 167038 q7ybglME5
13 772363 ^TDoBLXZ87
13 167038 q7ybglME5
4 167038 925822 eeLhlBuggC 4
2 811470 866599 *72pu 24
12 167038 t3=g8IK
10 782357 702060
2 782357 535541 wk&*zM& 85
9 782357 835331
2 811470 234942 t3=g8IK 53
2 167038 941411 wk&*zM& 42
10 782357 702060
4 696364 521115 ?lpBf 1
8 167038 731369
13 811470 ZcG=uA22
12 811470 *72pu
4 782357 22774 eeLhlBuggC 4
13 885323 &!XlTGd101
2 167038 44075 7c*1IZ 47
3 782357 702060
9 885323 550092
5 885323 550092
2 885323 754232 7c*1IZ 76
2 696364 312564 t3=g8IK 10
5 167038 925822
9 696364 34185
10 696364 959819
4 772363 25171 ?lpBf 5
12 782357 *72pu
4 885323 917141 4La=EiP989 4
10 696364 959819
12 167038 wk&*zM&
9 811470 271229
10 782357 535541
9 811470 271229
10 811470 866599
10 811470 866599
12 167038 7c*1IZ
6 885323 917141
6 811470 271229
4 782357 577316 5O/Q*dm 0
5 811470 271229
4 782357 95586 4La=EiP989 0
2 772363 645286 t3=g8IK 94
4 772363 811941 ?lpBf 2
13 772363 ^TDoBLXZ87
3 811470 234942
5 772363 25171
9 772363 260433
4 696364 332566 ?lpBf 0
9 782357 890852
10 811470 866599
7 696364 521267 nAsWYsiN179 2
2 167038 393269 t3=g8IK 16
12 811470 *72pu
12 696364 *72pu
2 811470 4892 t3=g8IK 22
4 811470 619723 eeLhlBuggC 3
9 772363 260433
12 772363 *72pu
10 167038 941411
6 772363 390413
5 772363 390413
13 782357 Ymr1+g+W26
3 811470 866599
10 782357 535541
13 696364 nAsWYsiN179
7 167038 497911 gXKWr2194 4
9 782357 22774
8 885323 828594
10 772363 265341
12 167038 wk&*zM&
11 782357 522943
10 696364 301892
9 782357 95586
9 811470 619723
4 772363 545003 5O/Q*dm 5
9 772363 811941
2 772363 309473 7c*1IZ 42
5 696364 34185
4 696364 736218 ?lpBf 2
10 811470 4892
2 782357 360042 7c*1IZ 54
3 782357 400265
3 885323 754232
4 772363 377783 ?lpBf 5
10 811470 4892
6 772363 162655
12 696364 wk&*zM&
7 885323 134481 ^yuN8G7216 5
9 772363 162655
3 696364 39421
6 811470 619723
12 167038 wk&*zM&
11 885323 134481
7 782357 778047 m9fcW=r86222 5
12 772363 *72pu
3 167038 393269
10 696364 605225
13 696364 nAsWYsiN179
8 782357 522943
7 782357 728727 4i7yO9*?228 2
12 696364 *72pu
11 167038 497911
4 782357 769218 4La=EiP989 1
2 772363 959412 t3=g8IK 15
10 782357 360042
12 772363 *72pu
11 885323 134481
4 696364 45655 ?lpBf 4
8 782357 728727
2 811470 188648 t3=g8IK 48
13 167038 gXKWr2194
10 696364 955633
2 167038 784924 7c*1IZ 88
9 696364 985998
2 772363 658154 7c*1IZ 42
2 811470 921349 wk&*zM& 39
11 696364 521267
4 772363 542300 ?lpBf 5
12 772363 *72pu
6 885323 917141
7 167038 91472 &VbfXkzD249 5
6 811470 619723
2 811470 713382 7c*1IZ 13
4 885323 688108 4La=EiP989 2
10 167038 784924
7 811470 914983 nXYfu7q3LM254 4
12 811470 wk&*zM&
7 696364 365752 %N?b3R256 3
4 167038 751804 ?lpBf 3
4 782357 177508 eeLhlBuggC 1
2 811470 441613 t3=g8IK 92
9 167038 751804
4 782357 925498 ?lpBf 0
4 696364 536217 eeLhlBuggC 0
8 885323 134481
12 167038 7c*1IZ
2 811470 701581 7c*1IZ 22
4 885323 838302 eeLhlBuggC 2
11 772363 216729
8 782357 778047
6 772363 542300
5 696364 736218
10 782357 535541
9 167038 751804
4 782357 157641 4La=EiP989 2
10 167038 784924
6 782357 157641
2 782357 705614 *72pu 84
11 772363 216729
4 772363 172419 ?lpBf 1
5 782357 846363
2 885323 160756 wk&*zM& 75
6 772363 162655
10 772363 573407
2 811470 444398 7c*1IZ 90
2 811470 632176 wk&*zM& 39
11 811470 914983
4 772363 714866 4La=EiP989 3
7 696364 89426 Bqup!287 3
12 167038 7c*1IZ
2 167038 939484 7c*1IZ 36
10 696364 575797
3 811470 188648
7 167038 530324 +SW^KHMl292 5
12 811470 wk&*zM&
3 885323 160756
10 811470 713382
6 167038 751804
13 772363 ^TDoBLXZ87
4 167038 636015 eeLhlBuggC 1
4 811470 314782 ?lpBf 5
6 696364 45655
2 885323 845379 wk&*zM& 10
13 167038 &VbfXkzD249
11 696364 521267
10 811470 632176
7 811470 973 O/W2hyL?6305 2
6 167038 636015
12 811470 t3=g8IK
4 811470 827845 ?lpBf 4
4 696364 772294 4La=EiP989 0
5 885323 688108
12 167038 7c*1IZ
11 811470 973
9 696364 536217
5 772363 260433
11 811470 973
9 772363 162655
5 772363 542300
4 811470 143064 ?lpBf 4
9 167038 751804
11 811470 914983
10 696364 141436
3 167038 44075
3 696364 575797
2 167038 752843 t3=g8IK 60
11 167038 91472
5 885323 917141
7 167038 505619 ha=I$327 1
3 696364 955633
4 885323 564817 ?lpBf 2
10 811470 701581
4 885323 135265 eeLhlBuggC 1
7 167038 290953 R^uwCi=Y332 3
9 885323 135265
10 885323 845379
5 885323 564817
10 772363 959412
9 885323 838302
3 167038 752843
9 772363 681282
3 696364 605225
11 696364 89426
2 696364 551594 t3=g8IK 63
12 811470 7c*1IZ
8 696364 365752
9 772363 714866
9 167038 636015
12 696364 wk&*zM&
11 811470 914983
4 772363 930077 4La=EiP989 1
9 696364 118626
12 772363 *72pu
13 696364 Bqup!287
7 167038 987431 c8$WQSt353 1
2 811470 278296 wk&*zM& 14
2 772363 145578 t3=g8IK 12
9 167038 636015
3 167038 939484
2 696364 573022 7c*1IZ 35
4 782357 416091 eeLhlBuggC 0
4 885323 356644 5O/Q*dm 3
12 885323 wk&*zM&
12 811470 wk&*zM&
3 772363 145578
4 811470 954120 4La=EiP989 1
9 782357 835331
9 772363 681282
11 167038 530324
12 696364 7c*1IZ
12 772363 t3=g8IK
4 885323 967883 4La=EiP989 2
2 772363 311504 t3=g8IK 67
6 782357 925498
2 167038 530345 t3=g8IK 91
12 811470 7c*1IZ
3 772363 573407
10 772363 645286
9 811470 827845
12 811470 7c*1IZ
6 772363 930077
7 772363 583531 6%Z*5uu8wE380 1
9 811470 954120
4 811470 274174 5O/Q*dm 0
12 167038 t3=g8IK
10 782357 705614
9 696364 985998
12 696364 7c*1IZ
4 696364 100476 eeLhlBuggC 5
9 772363 714866
4 772363 545404 ?lpBf 2
11 696364 521267
3 782357 360042
9 772363 811941
10 772363 309473
12 167038 t3=g8IK
11 772363 583531
3 772363 959412
5 167038 751804
12 696364 7c*1IZ
12 811470 wk&*zM&
10 772363 309473
9 885323 356644
9 696364 332566
8 696364 521267
4 772363 936133 5O/Q*dm 4
11 811470 973
9 772363 714866
5 167038 636015
7 811470 41989 O0xiw$ZgtZ408 3
12 167038 t3=g8IK
10 885323 845379
7 167038 605007 zLZCm411 2
8 811470 973
2 167038 215480 *72pu 10
6 811470 274174
4 782357 545423 ?lpBf 3
4 885323 284190 eeLhlBuggC 0
4 696364 804299 eeLhlBuggC 2
5 696364 536217
4 782357 396898 4La=EiP989 0
2 167038 668603 t3=g8IK 48
9 782357 396898
9 696364 804299
7 885323 631173 ANAPu5Q423 5
11 772363 583531
2 811470 189084 t3=g8IK 70
7 167038 251628 cQrX+F426 3
10 772363 645286
10 782357 705614
2 885323 749016 7c*1IZ 94
7 167038 94638 !a7vfRk430 3
4 811470 490709 5O/Q*dm 4
3 167038 215480
12 811470 t3=g8IK
9 811470 314782
10 696364 312564
9 885323 838302
12 885323 wk&*zM&
10 167038 668603
8 885323 631173
9 885323 284190
2 782357 745216 *72pu 73
5 811470 827845
10 772363 309473
13 811470 nXYfu7q3LM254
12 167038 t3=g8IK
10 782357 705614
2 167038 843390 7c*1IZ 13
9 772363 545003
12 782357 *72pu
9 811470 490709
13 811470 O0xiw$ZgtZ408
2 772363 397931 *72pu 83
2 782357 702581 7c*1IZ 95
5 782357 890852
12 772363 7c*1IZ
9 811470 314782
5 696364 118626
9 885323 967883
8 772363 583531
10 772363 645286
2 167038 542905 *72pu 58
9 782357 835331
2 772363 36349 *72pu 67
12 782357 wk&*zM&
2 811470 565180 7c*1IZ 49
4 772363 789736 4La=EiP989 0
2 167038 905014 7c*1IZ 42
9 772363 811941
9 811470 954120
13 811470 O0xiw$ZgtZ408
3 772363 265341
12 167038 t3=g8IK
12 696364 *72pu
3 167038 542905
12 811470 7c*1IZ
4 782357 20072 ?lpBf 5
2 772363 725127 wk&*zM& 44
12 696364 wk&*zM&
5 811470 954120
12 811470 wk&*zM&
4 167038 135343 4La=EiP989 3
3 772363 397931
4 696364 992378 5O/Q*dm 2
7 782357 618464 kTunX91484 3
3 811470 444398
3 782357 745216
2 885323 805953 t3=g8IK 76
12 782357 7c*1IZ
8 167038 605007
9 782357 763494
7 811470 686927 Qoh1w0Zq491 4
4 885323 808018 eeLhlBuggC 0
6 696364 332566
4 885323 680231 eeLhlBuggC 4
6 885323 808018
10 885323 805953
2 772363 82947 7c*1IZ 45
3 167038 530345
3 782357 705614
12 811470 t3=g8IK
10 885323 805953
2 696364 406880 t3=g8IK 75
5 885323 808018
11 811470 41989
2 885323 368964 t3=g8IK 34
5 772363 811941
3 772363 36349
4 696364 597747 5O/Q*dm 3
12 167038 7c*1IZ
6 885323 356644
2 885323 208570 *72pu 24
13 167038 R^uwCi=Y332
9 885323 967883
12 811470 t3=g8IK
9 782357 157641
12 167038 7c*1IZ
10 696364 406880
12 885323 t3=g8IK
7 167038 321296 ^XUxcq%n2S519 5
7 772363 941803 b3HgnK520 3
2 772363 893373 t3=g8IK 97
12 696364 7c*1IZ
8 167038 290953
10 696364 141436
2 772363 96539 *72pu 86
2 811470 50528 wk&*zM& 23
6 167038 135343
4 885323 640390 5O/Q*dm 0
8 772363 941803
8 811470 41989
4 696364 404929 eeLhlBuggC 0
12 772363 7c*1IZ
6 696364 45655
3 811470 441613
3 885323 208570
12 782357 wk&*zM&
5 782357 577316
10 772363 82947
7 782357 841107 0B7tue539 2
7 782357 369007 XF!gq5540 4
5 696364 804299
2 772363 272643 t3=g8IK 40
4 885323 573559 eeLhlBuggC 0
2 696364 131777 t3=g8IK 93
4 167038 592015 5O/Q*dm 5
4 885323 654966 eeLhlBuggC 2
4 885323 926334 eeLhlBuggC 5
13 782357 kTunX91484
2 167038 206699 t3=g8IK 44
3 167038 206699
12 782357 7c*1IZ
7 167038 99119 Rqzvu2fT/r552 3
3 811470 701581
4 772363 216294 ?lpBf 3
10 885323 805953
10 782357 702581
7 167038 404863 85t7GGu557 3
7 782357 962014 X&o2/T558 2
12 811470 7c*1IZ
9 782357 22774
2 167038 409118 wk&*zM& 88
8 782357 369007
2 772363 157654 7c*1IZ 68
7 772363 862638 ki+*09K%Y564 4
9 782357 20072
2 167038 348787 wk&*zM& 95
2 782357 299964 wk&*zM& 98
5 167038 135343
6 167038 592015
9 811470 619723
10 772363 725127
12 696364 t3=g8IK
3 772363 658154
13 167038 cQrX+F426
5 885323 640390
3 782357 299964
4 167038 48347 4La=EiP989 4
2 885323 402535 7c*1IZ 16
4 885323 595560 ?lpBf 4
3 811470 921349
3 885323 749016
9 167038 48347
12 885323 t3=g8IK
4 772363 875138 4La=EiP989 3
2 885323 192466 t3=g8IK 96
7 167038 607919 RL7kk586 2
2 885323 413621 *72pu 57
12 167038 wk&*zM&
2 885323 567311 wk&*zM& 61
2 782357 495338 wk&*zM& 92
10 772363 82947
2 772363 341141 7c*1IZ 94
12 167038 wk&*zM&
2 772363 33505 wk&*zM& 99
6 885323 654966
4 885323 436861 4La=EiP989 1
8 811470 686927
10 782357 495338
5 696364 521115
2 167038 949607 7c*1IZ 50
2 811470 796693 *72pu 43
7 696364 616273 6tCg$602 4
5 167038 48347
9 772363 930077
2 167038 52763 t3=g8IK 30
6 811470 143064
6 772363 545003
11 696364 616273
12 772363 7c*1IZ
13 167038 85t7GGu557
13 167038 cQrX+F426
2 885323 514383 t3=g8IK 45
10 167038 843390
4 782357 953953 4La=EiP989 3
13 782357 0B7tue539
12 772363 t3=g8IK
3 696364 573022
6 782357 925498
12 696364 *72pu
4 782357 351075 eeLhlBuggC 3
4 772363 442866 4La=EiP989 4
7 811470 755116 wryf3622 3
9 811470 619723
13 782357 kTunX91484
9 885323 595560
2 167038 950424 7c*1IZ 49
4 782357 342304 5O/Q*dm 1
2 782357 216492 7c*1IZ 47
2 167038 769868 7c*1IZ 25
10 696364 551594
6 811470 274174
9 696364 992378
3 167038 843390
12 811470 wk&*zM&
6 782357 763494
9 696364 597747
8 811470 755116
2 167038 349851 7c*1IZ 15
3 885323 413621
3 782357 702581
11 772363 862638
11 696364 616273
3 885323 192466
3 811470 50528
12 885323 t3=g8IK
9 772363 681282
4 772363 946897 5O/Q*dm 2
4 811470 366351 eeLhlBuggC 0
9 772363 442866
3 885323 368964
13 696364 6tCg$602
8 782357 841107
12 772363 t3=g8IK
3 782357 495338
10 782357 216492
5 885323 436861
6 696364 45655
7 696364 80290 tLFE7CExN658 4
5 811470 314782
3 811470 565180
2 696364 961590 7c*1IZ 19
6 782357 769218
12 885323 t3=g8IK
11 782357 962014
5 782357 22774
9 811470 143064
2 782357 876204 7c*1IZ 65
8 772363 862638
2 696364 820595 wk&*zM& 85
13 167038 +SW^KHMl292
9 885323 967883
8 696364 80290
6 811470 490709
8 167038 321296
10 167038 950424
13 782357 X&o2/T558
8 167038 987431
6 696364 597747
7 772363 762953 9dtew8679 4
6 885323 680231
5 696364 597747
11 782357 618464
5 696364 772294
13 782357 kTunX91484
10 696364 820595
7 885323 914703 AXh!6O+YTk686 5
10 772363 96539
12 885323 wk&*zM&
4 811470 490581 5O/Q*dm 5
12 696364 7c*1IZ
4 167038 889614 ?lpBf 4
8 167038 99119
9 782357 342304
5 167038 889614
9 885323 595560
10 696364 820595
9 696364 992378
12 772363 wk&*zM&
9 167038 592015
9 885323 595560
6 885323 838302
4 167038 96435 5O/Q*dm 4
3 782357 876204
9 782357 545423
9 696364 992378
12 696364 t3=g8IK
3 167038 769868
5 811470 274174
6 696364 985998
3 811470 796693
12 772363 *72pu
4 167038 786085 ?lpBf 1
12 696364 t3=g8IK
9 772363 714866
2 885323 387467 t3=g8IK 75
5 811470 490581
3 772363 341141
6 696364 992378
6 811470 490709
13 772363 9dtew8679
10 772363 725127
6 885323 967883
2 885323 420389 wk&*zM& 37
12 167038 7c*1IZ
5 167038 592015
2 696364 707081 t3=g8IK 27
9 696364 332566
10 811470 278296
12 885323 7c*1IZ
2 696364 619578 wk&*zM& 42
10 772363 893373
9 696364 992378
5 885323 838302
12 167038 wk&*zM&
11 772363 762953
4 885323 85507 ?lpBf 0
9 696364 992378
4 167038 645319 4La=EiP989 3
12 772363 wk&*zM&
8 167038 91472
12 696364 t3=g8IK
8 772363 762953
10 811470 189084
11 885323 914703
7 167038 849739 hsgc3TsV$9745 4
10 811470 189084
7 782357 416365 r8gEG747 4
8 885323 914703
3 811470 189084
12 772363 7c*1IZ
9 782357 20072
4 696364 225204 4La=EiP989 1
8 167038 849739
12 885323 t3=g8IK
5 782357 416091
9 696364 992378
9 696364 45655
9 885323 135265
10 811470 278296
2 167038 279405 t3=g8IK 71
9 811470 490709
12 811470 wk&*zM&
12 772363 *72pu
9 782357 925498
5 811470 619723
6 696364 985998
4 772363 41226 eeLhlBuggC 2
12 885323 7c*1IZ
9 811470 366351
9 696364 100476
10 885323 567311
9 167038 96435
3 782357 216492
9 885323 573559
10 696364 131777
7 696364 778680 HRG0N%776 5
6 696364 985998
4 811470 212108 ?lpBf 2
6 811470 143064
4 811470 667867 ?lpBf 1
12 696364 t3=g8IK
2 167038 569903 wk&*zM& 30
10 811470 278296
6 167038 96435
4 782357 299087 ?lpBf 3
7 811470 550906 d%?Xvxb786 5
12 167038 t3=g8IK
5 167038 645319
4 696364 858154 4La=EiP989 3
13 167038 RL7kk586
6 167038 786085
12 811470 wk&*zM&
5 772363 789736
10 696364 820595
10 167038 349851
10 885323 387467
10 772363 33505
12 772363 t3=g8IK
9 772363 930077
2 696364 142292 7c*1IZ 37
5 167038 786085
5 772363 946897
2 772363 448864 t3=g8IK 42
9 167038 96435
13 167038 ha=I$327
13 782357 r8gEG747
11 811470 550906
7 811470 370954 GK1$x1808 1
9 772363 936133
5 782357 925498
2 696364 274350 t3=g8IK 66
4 782357 873243 eeLhlBuggC 1
4 782357 475484 ?lpBf 0
5 772363 545003
7 696364 225262 sK?W!hFd815 2
9 167038 96435
4 167038 524908 ?lpBf 1
6 811470 212108
9 167038 524908
4 772363 220719 4La=EiP989 4
9 885323 85507
9 811470 212108
4 885323 422611 4La=EiP989 3
12 696364 wk&*zM&
10 696364 551594
2 772363 761777 wk&*zM& 80
2 167038 161182 wk&*zM& 12
7 772363 82753 ARI?Vz828 5
4 696364 191945 ?lpBf 1
2 811470 622119 7c*1IZ 86
13 772363 ARI?Vz828
9 782357 351075
10 696364 274350
9 885323 654966
5 811470 143064
5 782357 342304
12 167038 7c*1IZ
2 772363 633995 *72pu 52
2 811470 309591 wk&*zM& 12
11 696364 225262
2 811470 598583 wk&*zM& 100
12 811470 wk&*zM&
10 167038 949607
9 696364 404929
9 167038 96435
12 811470 wk&*zM&
9 167038 524908
9 696364 404929
4 782357 59684 eeLhlBuggC 5
6 772363 162655
7 782357 566000 nEr1u*pyKF851 3
5 885323 85507
4 811470 67099 4La=EiP989 3
4 782357 949343 ?lpBf 2
5 696364 992378
2 885323 783009 t3=g8IK 58
4 885323 531768 5O/Q*dm 4
9 696364 985998
12 772363 *72pu
10 167038 950424
9 885323 284190
4 772363 659368 ?lpBf 4
10 696364 916472
11 811470 370954
2 772363 469361 wk&*zM& 67
2 772363 274292 t3=g8IK 72
10 772363 311504
7 696364 265594 Gmu4+lE6v868 2
10 811470 622119
6 696364 45655
10 772363 448864
10 885323 402535
8 811470 550906
9 782357 763494
3 885323 402535
9 885323 573559
6 782357 763494
4 696364 671813 eeLhlBuggC 5
5 885323 284190
11 772363 82753
4 772363 902335 ?lpBf 4
12 885323 t3=g8IK
13 772363 ARI?Vz828
2 782357 581449 wk&*zM& 99
10 782357 581449
2 885323 612133 *72pu 21
9 885323 595560
2 167038 260644 wk&*zM& 30
13 696364 Gmu4+lE6v868
6 696364 225204
10 811470 622119
12 772363 t3=g8IK
4 811470 853051 ?lpBf 4
2 167038 783847 t3=g8IK 38
9 696364 404929
13 782357 nEr1u*pyKF851
12 811470 7c*1IZ
4 772363 547791 4La=EiP989 2
4 772363 250843 5O/Q*dm 5
2 167038 147842 t3=g8IK 80
4 885323 888807 ?lpBf 0
9 782357 953953
3 167038 349851
6 167038 96435
12 696364 7c*1IZ
4 167038 685945 eeLhlBuggC 4
3 782357 581449
6 885323 967883
6 782357 873243
9 885323 573559
4 696364 438457 ?lpBf 4
7 696364 815274 cSMxrP!xgO912 5
3 696364 619578
9 811470 853051
10 696364 406880
2 696364 11328 wk&*zM& 92
2 772363 447684 t3=g8IK 46
13 782357 nEr1u*pyKF851
7 885323 332374 YfO7uUf919 5
10 885323 514383
12 811470 7c*1IZ
5 885323 595560
2 167038 48068 7c*1IZ 67
6 885323 531768
4 167038 966194 eeLhlBuggC 2
9 782357 157641
2 696364 255146 wk&*zM& 11
13 696364 HRG0N%776
3 772363 272643
5 696364 985998
11 885323 332374
7 772363 750801 e^pEq99%ik932 3
6 696364 100476
12 772363 7c*1IZ
9 811470 853051
12 772363 wk&*zM&
9 696364 225204
9 696364 332566
2 772363 239960 wk&*zM& 87
4 885323 497092 5O/Q*dm 1
9 167038 685945
13 885323 YfO7uUf919
9 782357 157641
2 811470 898623 wk&*zM& 30
7 696364 725636 EkEiOeg*g945 5
9 167038 685945
5 885323 926334
6 167038 524908
9 772363 377783
7 772363 965981 biSXlSP950 1
4 696364 501057 5O/Q*dm 2
2 885323 223875 wk&*zM& 44
2 167038 623813 wk&*zM& 80
10 696364 551594
10 772363 274292
10 772363 311504
7 772363 907836 w+c&tZF957 5
5 782357 177508
12 167038 wk&*zM&
9 167038 685945
11 167038 94638
12 811470 wk&*zM&
4 782357 78562 ?lpBf 5
3 167038 783847
13 696364 HRG0N%776
4 772363 258697 5O/Q*dm 1
9 696364 438457
3 772363 633995
3 811470 309591
11 811470 370954
7 772363 976039 ydWcq971 4
5 782357 157641
4 167038 955683 5O/Q*dm 2
9 782357 953953
8 782357 416365
2 772363 559661 *72pu 44
10 772363 469361
4 782357 278410 ?lpBf 1
4 811470 554184 ?lpBf 0
4 696364 544124 eeLhlBuggC 3
12 696364 t3=g8IK
7 885323 672510 W$1dtgAnnf982 3
12 811470 wk&*zM&
11 772363 907836
4 772363 811822 ?lpBf 2
11 811470 370954
10 811470 598583
4 782357 461899 ?lpBf 5
5 772363 930077
8 782357 566000
11 167038 404863
4 811470 754218 ?lpBf 1
5 167038 955683
6 772363 41226
3 811470 598583
6 885323 967883
10 885323 612133
5 167038 96435
4 885323 989436 4La=EiP989 4
13 811470 GK1$x1808
2 772363 161041 wk&*zM& 27
10 885323 514383
10 696364 551594
4 811470 7433 5O/Q*dm 3
2 811470 987864 wk&*zM& 49
7 782357 741136 WEL!^Bn8R1006 4
12 167038 7c*1IZ
9 772363 875138
5 782357 835331
12 811470 wk&*zM&
2 885323 745914 7c*1IZ 26
2 772363 644822 wk&*zM& 85
5 782357 949343
11 772363 907836
7 696364 186173 *7?lZ1015 4
10 167038 569903
9 696364 225204
10 167038 260644
4 782357 155811 ?lpBf 1
12 167038 wk&*zM&
9 782357 20072
7 782357 34763 qkqCaGuL1022 5
11 772363 965981
10 885323 783009
11 772363 907836
2 811470 838772 t3=g8IK 35
12 696364 t3=g8IK
12 885323 t3=g8IK
4 167038 601735 4La=EiP989 5
11 696364 186173
10 167038 52763
12 167038 t3=g8IK
4 772363 574265 4La=EiP989 4
8 696364 725636
10 772363 644822
10 885323 612133
3 696364 820595
12 772363 t3=g8IK
9 885323 989436
8 885323 672510
7 696364 479640 gX*I8nEoX1041 4
9 167038 524908
12 696364 t3=g8IK
9 696364 100476
11 772363 907836
12 885323 wk&*zM&
9 772363 902335
6 167038 966194
9 772363 377783
5 772363 220719
12 696364 wk&*zM&
12 772363 t3=g8IK
10 772363 469361
4 782357 881516 4La=EiP989 4
10 167038 905014
12 811470 t3=g8IK
4 782357 576800 5O/Q*dm 4
5 696364 544124
8 167038 94638
4 811470 220437 4La=EiP989 4
9 811470 667867
10 772363 311504
12 696364 wk&*zM&
11 782357 741136
10 885323 420389
8 696364 778680
5 885323 497092
3 811470 987864
9 885323 888807
10 885323 567311
2 782357 253740 *72pu 89
3 696364 255146
4 696364 942786 5O/Q*dm 5
4 782357 114956 ?lpBf 2
9 885323 654966
3 772363 448864
5 167038 966194
9 772363 902335
2 696364 373930 t3=g8IK 78
12 782357 *72pu
6 811470 220437
6 885323 135265
2 885323 243520 wk&*zM& 48
10 696364 142292
10 811470 898623
10 696364 406880
3 167038 949607
11 772363 907836
12 696364 t3=g8IK
10 885323 243520
5 885323 888807
12 696364 t3=g8IK
2 885323 332562 *72pu 33
6 696364 404929
7 782357 346143 $6PODKm91095 4
3 885323 567311
10 772363 157654
12 167038 t3=g8IK
7 811470 292448 aDQzxu1099 2
10 782357 253740
12 811470 t3=g8IK
10 885323 514383
10 167038 348787
10 782357 253740
11 811470 292448
2 167038 384608 *72pu 75
6 167038 524908
12 782357 *72pu
13 782357 $6PODKm91095
2 167038 213684 *72pu 40
5 696364 45655
10 696364 11328
2 885323 95012 t3=g8IK 54
2 772363 568868 *72pu 68
13 811470 aDQzxu1099
10 696364 373930
8 167038 404863
5 811470 7433
12 772363 wk&*zM&
12 696364 t3=g8IK
12 782357 *72pu
9 885323 573559
10 772363 239960
13 772363 e^pEq99%ik932
4 811470 241738 ?lpBf 2
3 696364 274350
4 696364 424503 eeLhlBuggC 5
5 696364 404929
10 811470 838772
4 885323 543165 eeLhlBuggC 1
4 772363 453690 ?lpBf 0
7 782357 336520 l8U&H1132 4
2 782357 745120 wk&*zM& 10
9 811470 241738
9 811470 67099
5 782357 763494
5 782357 461899
8 167038 607919
6 811470 754218
10 782357 745120
6 782357 155811
4 772363 16572 eeLhlBuggC 5
2 885323 323235 7c*1IZ 35
4 772363 850035 4La=EiP989 5
9 782357 545423
11 696364 479640
9 885323 135265
4 772363 622315 ?lpBf 4
4 167038 666544 ?lpBf 5
6 696364 942786
9 696364 671813
9 811470 490709
4 811470 64463 ?lpBf 5
9 772363 172419
5 167038 524908
9 811470 853051
12 885323 t3=g8IK
9 167038 601735
12 811470 t3=g8IK
2 167038 358074 wk&*zM& 80
6 782357 475484
5 885323 135265
5 167038 666544
13 696364 cSMxrP!xgO912
3 696364 11328
12 772363 *72pu
2 885323 556876 *72pu 64
10 885323 323235
2 811470 602316 7c*1IZ 80
9 167038 601735
7 696364 378098 XUVm2bF31171 4
3 782357 745120
5 811470 490709
9 696364 942786
12 811470 7c*1IZ
12 885323 wk&*zM&
12 696364 t3=g8IK
13 782357 WEL!^Bn8R1006
10 696364 707081
12 811470 t3=g8IK
5 696364 100476
9 696364 942786
4 167038 265866 4La=EiP989 1
3 885323 95012
7 782357 939625 sEbwX1185 5
9 696364 424503
7 772363 452010 T2G2i0x1187 2
7 772363 668191 =2hg0Qe1188 2
11 782357 346143
10 772363 447684
2 696364 303767 *72pu 59
3 811470 602316
11 772363 668191
13 772363 T2G2i0x1187
9 811470 220437
4 167038 320330 5O/Q*dm 3
3 811470 898623
6 772363 659368
6 167038 685945
11 782357 346143
