253
1 475424 irdk4
1 228482 m1LsOwtB
1 596449 ?Iqo7
1 423793 SdOt7S
1 703842 SK1%YEH7+
1 394266 %x/7m4
1 242939 h5*bExkqCa
1 819577 $L^Hnu
1 473486 KVh+duF/M
1 533608 rEn/ggD
4 242939 224622 g7!hPvz 2
2 242939 498410 ooVYkf* 59
6 242939 224622
7 703842 50866 6&2F+WVfAV4 1
4 228482 822130 c1+O%s 4
11 703842 50866
2 473486 190219 ooVYkf* 41
2 242939 267332 ?+drO3ka 19
2 242939 524967 br3Ggo=w 87
2 423793 236536 ooVYkf* 64
7 596449 117687 ru4gXgU11 5
2 423793 162299 ooVYkf* 58
2 596449 217306 ooVYkf* 98
10 423793 162299
7 242939 673587 s1R?o?mc3915 4
2 423793 261571 ooVYkf* 11
9 242939 224622
2 475424 72289 br3Ggo=w 79
2 475424 225852 ?+drO3ka 29
4 703842 695759 8^F=t 0
7 242939 617303 1Txupg!DG21 5
2 242939 407741 br3Ggo=w 32
4 475424 106785 8^F=t 4
6 228482 822130
10 242939 524967
4 228482 64390 8^F=t 3
1 960543 fP1Ztl5Y
4 423793 628000 c1+O%s 1
10 473486 190219
6 228482 822130
10 475424 225852
9 228482 64390
9 703842 695759
10 242939 498410
7 819577 498904 SD7cf35 3
10 242939 524967
4 819577 210427 g7!hPvz 5
10 473486 190219
2 394266 593848 ooVYkf* 100
5 423793 628000
13 703842 6&2F+WVfAV4
1 304583 *K=67iEh
4 228482 836724 c1+O%s 5
9 475424 106785
9 228482 836724
10 423793 261571
7 423793 453226 a0P?Qy1u47 4
13 596449 ru4gXgU11
2 473486 479507 br3Ggo=w 96
2 242939 930424 br3Ggo=w 90
9 475424 106785
2 596449 369295 ooVYkf* 25
1 787862 uK5A!r
9 819577 210427
2 533608 716568 ?+drO3ka 50
4 703842 847044 g7!hPvz 2
1 766516 ZGgIwp
10 394266 593848
4 304583 893138 8^F=t 1
10 423793 162299
2 533608 655001 ooVYkf* 96
10 475424 225852
2 423793 594903 ooVYkf* 73
10 473486 479507
5 242939 224622
6 703842 847044
2 304583 303374 ooVYkf* 33
10 533608 716568
12 475424 br3Ggo=w
2 394266 335581 br3Ggo=w 65
10 533608 716568
7 304583 631665 QkWSFYSM72 5
7 475424 734780 w$*2b3FEkf73 3
7 533608 425829 *Gl6qCM$e74 5
7 960543 563932 T+g+53s675 2
2 423793 311036 ?+drO3ka 80
6 304583 893138
3 475424 225852
12 533608 ?+drO3ka
7 960543 728971 +My96UC80 4
13 475424 w$*2b3FEkf73
13 960543 +My96UC80
11 304583 631665
1 641379 cTKhrXz
2 960543 575784 ?+drO3ka 95
2 596449 766040 br3Ggo=w 10
10 960543 575784
10 423793 261571
2 819577 249253 ?+drO3ka 67
10 596449 766040
4 423793 760005 g7!hPvz 4
6 475424 106785
1 953936 f&YMD/fnPt
4 641379 716225 g7!hPvz 3
7 304583 52060 qtruvf=!95 1
4 766516 443198 8^F=t 1
7 596449 514037 f8!r+s97 2
9 475424 106785
4 475424 728878 g7!hPvz 2
4 533608 10792 g7!hPvz 3
9 641379 716225
10 394266 593848
10 242939 930424
9 304583 893138
10 242939 267332
1 720137 LaAt?
1 709016 G=Hm6hqX
4 641379 727589 8^F=t 2
9 304583 893138
9 641379 727589
4 766516 332145 8^F=t 4
12 304583 ooVYkf*
2 720137 964048 ?+drO3ka 44
7 641379 246791 ol51VHp114 4
13 960543 T+g+53s675
9 641379 716225
10 720137 964048
7 394266 965516 ih!7z118 2
2 766516 368881 ooVYkf* 19
1 961688 tn36isf?
6 423793 760005
4 304583 100592 8^F=t 5
15 2052/07
15 2024/10
15 2092/10
1 906275 YDKVy%n
2 596449 516282 ooVYkf* 91
6 703842 847044
4 953936 497056 8^F=t 0
15 2021/07
2 819577 250745 br3Ggo=w 95
10 720137 964048
3 766516 368881
11 475424 734780
15 2072/03
10 960543 575784
5 703842 847044
2 906275 877018 ?+drO3ka 52
2 533608 894821 ooVYkf* 44
15 2055/02
5 228482 64390
8 596449 514037
9 953936 497056
10 960543 575784
2 960543 224468 ooVYkf* 75
7 961688 624673 Gdhl5fVT146 4
7 304583 177236 e3/ZcmK147 2
17 766516
6 423793 760005
9 641379 716225
11 475424 734780
13 819577 SD7cf35
2 720137 60181 br3Ggo=w 30
12 906275 ?+drO3ka
16 242939
16 720137
6 953936 497056
7 423793 934657 d69Wq158 3
10 423793 594903
14 3 3 cTKhrXz SdOt7S irdk4
2000/01-SdOt7S@cTKhrXz-^2gdNF=/
2000/01-cTKhrXz-ihiiyr
2000/01-irdk4-br3Ggo=w
2 473486 404918 ooVYkf* 53
11 394266 965516
10 596449 516282
16 961688
12 242939 ooVYkf*
10 394266 593848
15 2011/09
16 596449
14 3 3 $L^Hnu ZGgIwp %x/7m4
2000/02-%x/7m4@#-^E8v=f
2000/03-ZGgIwp-ooVYkf*
2000/04-ZGgIwp@$L^Hnu-Vu5wuGL2rl
7 423793 873206 UfAL8P170 3
4 953936 548674 g7!hPvz 2
8 304583 177236
5 228482 836724
15 2000/02
11 394266 965516
2 960543 586528 br3Ggo=w 62
10 423793 236536
15 2036/11
17 423793
2 475424 454659 br3Ggo=w 15
2 304583 481153 ?+drO3ka 99
4 596449 59871 c1+O%s 5
2 720137 450735 ?+drO3ka 72
8 641379 246791
10 394266 335581
7 960543 712532 Nn5k=186 5
2 720137 840338 br3Ggo=w 77
11 304583 631665
3 720137 60181
13 242939 s1R?o?mc3915
17 960543
2 953936 91291 ooVYkf* 19
15 2000/03
17 766516
15 2000/02
9 596449 59871
2 475424 442409 br3Ggo=w 94
6 228482 822130
16 961688
15 2000/03
2 394266 165372 br3Ggo=w 54
4 242939 671855 8^F=t 1
8 423793 934657
14 4 5 irdk4 rEn/ggD %x/7m4 h5*bExkqCa
2000/05-rEn/ggD-ooVYkf*
2000/05-irdk4@rEn/ggD-8^F=t
2000/06-%x/7m4-ooVYkf*
2000/07-rEn/ggD@irdk4-9!PTiM
2000/08-%x/7m4@rEn/ggD-U6rArB
10 423793 236536
12 304583 ?+drO3ka
15 2062/06
2 960543 960268 ?+drO3ka 44
7 394266 124576 URF&L209 5
6 703842 695759
11 533608 425829
11 960543 563932
2 475424 74388 ooVYkf* 42
15 2000/05
8 423793 453226
11 819577 498904
4 394266 180587 g7!hPvz 2
15 2000/06
5 641379 727589
14 3 7 SK1%YEH7+ KVh+duF/M f&YMD/fnPt
2000/09-SK1%YEH7+@KVh+duF/M-8^F=t
2000/09-SK1%YEH7+@#-8^F=t
2000/10-KVh+duF/M@f&YMD/fnPt-4N?nm
2000/10-f&YMD/fnPt@#-8^F=t
2000/10-SK1%YEH7+@KVh+duF/M-8^F=t
2000/10-f&YMD/fnPt@SK1%YEH7+-8^F=t
2000/11-f&YMD/fnPt@#-8^F=t
8 394266 124576
17 394266
15 2000/03
9 766516 443198
14 4 4 rEn/ggD SdOt7S ?Iqo7 *K=67iEh
2000/11-?Iqo7@#-c1+O%s
2000/12-rEn/ggD-ooVYkf*
2000/12-?Iqo7@#-c1+O%s
2001/01-rEn/ggD@?Iqo7-&mO7?K1YzX
4 423793 541064 c1+O%s 4
10 473486 404918
15 2000/10
10 473486 190219
5 533608 10792
5 596449 59871
3 533608 716568
10 242939 407741
7 961688 818387 nVf2^vu234 1
9 423793 541064
9 819577 210427
11 475424 734780
10 475424 72289
16 228482
2 304583 631460 ?+drO3ka 37
2 423793 243619 ?+drO3ka 41
4 228482 419587 c1+O%s 4
5 766516 443198
